"Date","Price","Open","High","Low","Vol.","Change %"
"09/01/2025",87.1,87.5,87.7,86,"1.98K","0,11%"
"08/29/2025",87,88.5,92.6,86.8,"26.05K","2,35%"
"08/28/2025",85,83.5,85.2,83.5,"7.75K","2,78%"
"08/27/2025",82.7,83.5,83.5,81.6,"5.33K","0,00%"
"08/26/2025",82.7,85,85,82.7,"8.24K","-1,90%"
"08/25/2025",84.3,85.3,85.3,83.3,"5.13K","-0,94%"
"08/22/2025",85.1,83.9,85.3,82.7,"7.64K","1,92%"
"08/21/2025",83.5,83,84,82.4,"7.36K","0,60%"
"08/20/2025",83,81,84.9,79,"20.03K","1,97%"
"08/19/2025",81.4,82.4,82.4,79.6,"19.44K","-1,21%"
"08/18/2025",82.4,83.2,85,81,"10.96K","0,86%"
"08/15/2025",81.7,85.2,86.8,81.7,"17.68K","-2,51%"
"08/14/2025",83.8,80.3,87.7,80.3,"31.73K","14,01%"
"08/13/2025",73.5,72.8,74,71.8,"11.45K","0,27%"
"08/12/2025",73.3,77.9,77.9,72.5,"11.49K","-5,54%"
"08/11/2025",77.6,79.9,79.9,77.6,"4.33K","-1,90%"
"08/08/2025",79.1,79.1,79.7,78.4,"2.87K","0,38%"
"08/07/2025",78.8,77.6,80,77.6,"3.62K","1,03%"
"08/06/2025",78,80.8,81.2,78,"5.24K","-2,86%"
"08/05/2025",80.3,77.6,80.3,77.6,"7.88K","4,15%"
"08/04/2025",77.1,76.5,78.2,76,"4.83K","0,13%"
"08/01/2025",77,81.1,81.1,77,"7.97K","-5,06%"
"07/31/2025",81.1,82,82.9,80.3,"12.03K","-1,46%"
"07/30/2025",82.3,83.6,84,82,"5.51K","-1,08%"
"07/29/2025",83.2,86.4,86.9,83.2,"11.72K","-3,14%"
"07/28/2025",85.9,87,88.4,85.7,"9.34K","-1,38%"
"07/25/2025",87.1,89.3,89.3,86.4,"5.64K","-1,02%"
"07/24/2025",88,87.5,89.2,87.1,"7.66K","-0,11%"
"07/23/2025",88.1,88,91,87.8,"6.68K","0,23%"
"07/22/2025",87.9,89,89,86.5,"7.75K","-1,68%"
"07/21/2025",89.4,91.9,93,89.4,"7.24K","-1,76%"
"07/18/2025",91,90.6,92.4,89.8,"11.05K","0,66%"
"07/17/2025",90.4,89.8,92.1,89,"11.93K","1,57%"
"07/16/2025",89,86.1,89.8,86.1,"7.58K","1,37%"
"07/15/2025",87.8,84.9,88.7,84.9,"6.84K","3,29%"
"07/14/2025",85,85.1,86.1,83.8,"17.44K","-1,51%"
"07/11/2025",86.3,86.9,87.1,85.4,"7.43K","-0,23%"
"07/10/2025",86.5,86.5,88.7,86.4,"9.19K","0,23%"
"07/09/2025",86.3,84,86.4,82.9,"13.29K","2,74%"
"07/08/2025",84,83,84.9,82.5,"6.77K","1,45%"
"07/07/2025",82.8,84.9,84.9,82,"8.23K","-1,43%"
"07/04/2025",84,89.4,89.4,84,"14.93K","-6,67%"
"07/03/2025",90,88.9,90.7,87.8,"16.77K","-0,11%"
"07/02/2025",90.1,89.6,90.1,88.6,"2.66K","1,81%"
"07/01/2025",88.5,89.9,89.9,88.2,"3.31K","-0,34%"
"06/30/2025",88.8,88.5,89,87.3,"5.34K","1,14%"
"06/27/2025",87.8,86,89.2,86,"3.99K","1,74%"
"06/26/2025",86.3,84.3,86.5,84.3,"4.59K","0,94%"
"06/25/2025",85.5,86,86.5,85,"7.04K","-0,81%"
"06/24/2025",86.2,83.7,86.5,83.5,"7.47K","3,98%"
"06/23/2025",82.9,82.8,83.4,80.6,"10.26K","-0,48%"
"06/20/2025",83.3,86,86.5,82.9,"30.64K","-3,25%"
"06/19/2025",86.1,86.7,87.2,86,"5.00K","-1,03%"
"06/18/2025",87,87.5,87.8,86.5,"2.34K","0,00%"
"06/17/2025",87,87,87.6,86.1,"7.11K","-0,34%"
"06/16/2025",87.3,87,88.6,87,"6.11K","-0,23%"
"06/13/2025",87.5,88.1,88.1,86.3,"6.26K","-1,69%"
"06/12/2025",89,90.2,90.5,87.2,"7.64K","-0,67%"
"06/11/2025",89.6,89.8,90.8,89.5,"2.12K","-0,22%"
"06/10/2025",89.8,90.7,90.7,89.2,"2.35K","-0,11%"
"06/09/2025",89.9,90,91.4,89,"3.85K","1,01%"
"06/06/2025",89,92,92.4,89,"6.88K","-2,52%"
"06/05/2025",91.3,91.8,93.9,90.6,"5.96K","-0,22%"
"06/04/2025",91.5,88.7,92.2,88,"9.67K","3,27%"
"06/03/2025",88.6,88.2,89.5,88.1,"7.25K","1,14%"
"06/02/2025",87.6,88.4,89,87.6,"8.36K","-0,34%"
"05/30/2025",87.9,87.1,88.9,87,"8.24K","0,69%"
"05/29/2025",87.3,90,91,86.6,"6.51K","-1,91%"
"05/28/2025",89,88.3,90.4,88.1,"11.29K","1,14%"
"05/27/2025",88,89.2,89.5,87.8,"5.71K","-0,68%"
"05/26/2025",88.6,89.5,90.8,88.6,"5.45K","-0,45%"
"05/23/2025",89,90.6,90.6,87.5,"9.50K","-0,67%"
"05/22/2025",89.6,90,90.2,88.7,"8.66K","-0,99%"
"05/21/2025",90.5,94.3,94.3,90.5,"6.49K","-3,93%"
"05/20/2025",94.2,92.6,94.7,92.6,"5.60K","1,40%"
"05/19/2025",92.9,94.7,94.8,92.9,"14.41K","-1,38%"
"05/16/2025",94.2,94,95.6,93.5,"12.30K","1,29%"
"05/15/2025",93,95.8,95.8,92.3,"6.51K","-2,11%"
"05/14/2025",95,97,97.1,92.5,"14.85K","-1,96%"
"05/13/2025",96.9,105,107,96.9,"11.38K","-10,11%"
"05/12/2025",107.8,105.2,107.8,102.2,"9.71K","4,05%"
"05/09/2025",103.6,101.2,104.6,101.2,"9.48K","3,39%"
"05/08/2025",100.2,101.6,101.6,99.3,"8.09K","0,40%"
"05/07/2025",99.8,102,102.8,99.8,"7.54K","-0,99%"
"05/06/2025",100.8,103.8,103.8,97.6,"9.14K","-1,37%"
"05/05/2025",102.2,102.6,103.8,101.4,"5.20K","-1,35%"
"05/02/2025",103.6,98.9,103.6,98.9,"4.80K","5,93%"
"04/30/2025",97.8,98,100.6,97,"10.49K","-1,11%"
"04/29/2025",98.9,97.6,99.9,97.2,"5.34K","0,41%"
"04/28/2025",98.5,98.8,99.7,97.9,"4.52K","0,00%"
"04/25/2025",98.5,99.6,101,98.2,"3.50K","-1,50%"
"04/24/2025",100,98.6,101.6,97,"4.16K","0,30%"
"04/23/2025",99.7,98,103.2,98,"10.23K","3,21%"
"04/22/2025",96.6,95.9,97.5,94.8,"4.64K","1,58%"
"04/17/2025",95.1,94.9,95.8,92.8,"3.21K","1,49%"
"04/16/2025",93.7,94.6,94.9,92.3,"4.73K","-1,88%"
"04/15/2025",95.5,94.2,96.2,94.1,"4.03K","1,06%"
"04/14/2025",94.5,90,94.5,90,"2.30K","6,30%"
"04/11/2025",88.9,93.8,93.8,87.3,"5.31K","-1,98%"
"04/10/2025",90.7,98.1,100,89,"7.60K","4,01%"
"04/09/2025",87.2,89.5,89.6,85.8,"10.87K","-4,70%"
"04/08/2025",91.5,88.4,92.9,88.2,"6.16K","5,29%"
"04/07/2025",86.9,81.4,89.8,78,"12.50K","-5,54%"
"04/04/2025",92,93.8,95.6,87.9,"20.94K","-3,77%"
"04/03/2025",95.6,90.7,95.6,89.6,"13.73K","0,63%"
"04/02/2025",95,95.1,96,93.5,"6.57K","-1,45%"
"04/01/2025",96.4,98.5,98.5,94.2,"7.62K","-0,72%"
"03/31/2025",97.1,100.4,100.6,97,"12.53K","-4,80%"
"03/28/2025",102,102.2,103.8,100.8,"14.17K","-1,54%"
"03/27/2025",103.6,98,105.2,96,"18.94K","7,25%"
"03/26/2025",96.6,99.5,99.5,96.1,"4.32K","-2,72%"
"03/25/2025",99.3,99,99.8,97.2,"4.69K","1,22%"
"03/24/2025",98.1,100,100,97,"4.43K","-0,71%"
"03/21/2025",98.8,100.6,100.6,97,"6.94K","-1,20%"
"03/20/2025",100,102.2,104.2,99,"8.63K","-3,10%"
"03/19/2025",103.2,100.4,110,99.3,"35.52K","0,39%"
"03/18/2025",102.8,92,102.8,90.9,"41.00K","12,97%"
"03/17/2025",91,87,92,87,"6.14K","4,72%"
"03/14/2025",86.9,82.9,87.2,82.9,"6.64K","5,59%"
"03/13/2025",82.3,85.3,85.3,82,"6.60K","-2,72%"
"03/12/2025",84.6,86.5,86.5,83.6,"3.55K","-0,94%"
"03/11/2025",85.4,88,89.4,84.1,"5.28K","-2,95%"
"03/10/2025",88,88.9,90.2,86.3,"6.30K","-1,35%"
"03/07/2025",89.2,91.5,92.3,86.7,"12.45K","-2,30%"
"03/06/2025",91.3,88.5,92.2,88.5,"9.74K","3,99%"
"03/05/2025",87.8,82.7,88.6,82.7,"9.18K","7,60%"
"03/04/2025",81.6,85.2,85.2,80.8,"10.11K","-4,11%"
"03/03/2025",85.1,84.6,87.2,84,"7.17K","1,79%"
"02/28/2025",83.6,85.6,85.6,83.4,"11.14K","-2,11%"
"02/27/2025",85.4,87,87,83.7,"10.14K","-1,39%"
"02/26/2025",86.6,87.6,88.9,86.6,"5.59K","-1,14%"
"02/25/2025",87.6,89.7,89.8,87.2,"3.80K","-1,90%"
"02/24/2025",89.3,91,92.5,88.4,"7.48K","-1,54%"
"02/21/2025",90.7,92.4,93.2,89.6,"14.42K","-0,77%"
"02/20/2025",91.4,92.3,93.6,90.2,"3.23K","-1,08%"
"02/19/2025",92.4,93.7,95,91.9,"5.72K","-1,07%"
"02/18/2025",93.4,96,96.7,93.4,"2.05K","-3,11%"
"02/17/2025",96.4,93.8,96.4,93.4,"6.12K","4,33%"
"02/14/2025",92.4,93.8,94.7,92.4,"4.29K","-1,49%"
"02/13/2025",93.8,94.3,95.8,93.7,"3.09K","-0,64%"
"02/12/2025",94.4,94,96.9,93.6,"4.95K","0,21%"
"02/11/2025",94.2,95.4,95.4,92.6,"5.49K","0,00%"
"02/10/2025",94.2,93.2,97.4,93.2,"8.32K","0,43%"
"02/07/2025",93.8,95.5,97.8,93.8,"6.11K","-2,09%"
"02/06/2025",95.8,95.5,98.1,94.2,"5.79K","0,10%"
"02/05/2025",95.7,97.6,97.6,95,"5.54K","-0,83%"
"02/04/2025",96.5,94.2,97.6,94.1,"5.03K","0,94%"
"02/03/2025",95.6,93.4,96.8,91.9,"10.13K","-0,10%"
"01/31/2025",95.7,95.3,96.3,93.5,"5.56K","1,06%"
"01/30/2025",94.7,93.5,95.4,93.5,"4.14K","1,28%"
"01/29/2025",93.5,94.8,98.8,93.5,"14.11K","-0,43%"
"01/28/2025",93.9,92.5,94.4,92.1,"4.74K","1,84%"
"01/27/2025",92.2,91.4,94.2,91.4,"11.38K","-2,12%"
"01/24/2025",94.2,91.8,94.8,91.8,"10.84K","3,06%"
"01/23/2025",91.4,91.8,92.6,89.5,"9.99K","0,44%"
"01/22/2025",91,88.2,91.8,87.8,"8.73K","3,17%"
"01/21/2025",88.2,88.3,90,87,"6.98K","-0,56%"
"01/20/2025",88.7,92.4,93.2,88.4,"13.69K","-3,59%"
"01/17/2025",92,90.7,93.2,90.4,"16.95K","2,45%"
"01/16/2025",89.8,85.6,91.2,85.5,"22.34K","8,32%"
"01/15/2025",82.9,78.7,83.6,78.7,"6.81K","4,28%"
"01/14/2025",79.5,81.4,82.3,78.6,"10.88K","-3,05%"
"01/13/2025",82,82.6,83.1,81.4,"7.50K","-0,85%"
"01/10/2025",82.7,83.6,84.2,82.6,"7.09K","-1,55%"
"01/09/2025",84,85.6,85.6,84,"3.40K","-1,06%"
"01/08/2025",84.9,88.7,88.7,84.9,"11.05K","-4,39%"
"01/07/2025",88.8,90.9,90.9,88.2,"10.17K","-1,44%"
"01/06/2025",90.1,91,91.6,89.1,"15.23K","0,56%"
"01/03/2025",89.6,89,93.2,89,"14.02K","0,79%"
"01/02/2025",88.9,87.9,89.1,87.1,"10.54K","1,02%"
"12/30/2024",88,87,88.2,86.7,"4.73K","0,57%"
"12/27/2024",87.5,85.7,89,85.7,"8.11K","1,16%"
"12/23/2024",86.5,84.1,86.8,83.6,"9.60K","2,13%"
"12/20/2024",84.7,86.1,86.1,82.8,"16.46K","-1,85%"
"12/19/2024",86.3,86.4,86.9,84.7,"12.15K","-0,69%"
"12/18/2024",86.9,86.6,88.4,86,"13.25K","0,00%"
"12/17/2024",86.9,91,91.7,86.9,"13.99K","-5,44%"
"12/16/2024",91.9,94.5,94.5,89.9,"10.26K","-2,23%"
"12/13/2024",94,94.1,95.7,93.8,"6.39K","-0,95%"
"12/12/2024",94.9,96.1,97.4,94.9,"9.72K","-0,32%"
"12/11/2024",95.2,95.3,95.9,94.3,"5.56K","-0,10%"
"12/10/2024",95.3,92.1,96.3,91.9,"10.41K","2,47%"
"12/09/2024",93,93.5,94.5,92.6,"6.50K","0,43%"
"12/06/2024",92.6,93,93.5,91.3,"4.84K","-0,22%"
"12/05/2024",92.8,90.8,93.8,90.5,"9.31K","1,75%"
"12/04/2024",91.2,87.8,91.9,87.4,"12.45K","4,95%"
"12/03/2024",86.9,87.8,88.5,86.3,"6.26K","0,46%"
"12/02/2024",86.5,87.6,88.4,86,"12.52K","-0,23%"
"11/29/2024",86.7,87.5,88.6,86.6,"6.29K","-0,57%"
"11/28/2024",87.2,86.1,88.7,86.1,"7.75K","0,11%"
"11/27/2024",87.1,89.6,89.6,87.1,"7.07K","-1,91%"
"11/26/2024",88.8,88.2,90.2,87.6,"7.53K","-0,22%"
"11/25/2024",89,89.4,90,87.5,"22.98K","1,14%"
"11/22/2024",88,90.5,91.6,87.1,"18.90K","-2,98%"
"11/21/2024",90.7,87.1,90.7,86.9,"10.28K","3,78%"
"11/20/2024",87.4,88.8,90.6,87.2,"10.00K","-2,56%"
"11/19/2024",89.7,89.3,90.2,86.7,"16.51K","-0,33%"
"11/18/2024",90,86.1,90.7,86.1,"21.43K","4,41%"
"11/15/2024",86.2,79.5,86.5,79,"40.19K","6,55%"
"11/14/2024",80.9,69.9,81.8,69.9,"47.88K","21,11%"
"11/13/2024",66.8,69.9,69.9,66.8,"8.21K","-2,91%"
"11/12/2024",68.8,70.2,70.4,68.6,"10.82K","-2,13%"
"11/11/2024",70.3,71.3,72.8,70.1,"8.34K","0,14%"
"11/08/2024",70.2,67.1,70.2,67,"8.88K","4,15%"
"11/07/2024",67.4,62.8,67.9,62.5,"19.10K","7,67%"
"11/06/2024",62.6,64.5,66,62.2,"13.57K","-3,69%"
"11/05/2024",65,65,65.8,63.7,"30.80K","0,00%"
"11/04/2024",65,65.8,67.6,65,"8.48K","-1,37%"
"11/01/2024",65.9,67.8,68.3,65.7,"8.88K","-1,79%"
"10/31/2024",67.1,67.9,68.6,66.1,"7.07K","-3,31%"
"10/30/2024",69.4,71.2,72,69.1,"10.50K","-4,67%"
"10/29/2024",72.8,73.2,73.3,71.9,"6.42K","-0,95%"
"10/28/2024",73.5,72.6,75.2,72.6,"6.61K","0,41%"
"10/25/2024",73.2,72.3,74.8,72.2,"9.86K","0,27%"
"10/24/2024",73,75.8,76.4,72.2,"12.70K","-3,05%"
"10/23/2024",75.3,76.9,78.3,74.5,"10.58K","-2,96%"
"10/22/2024",77.6,77,78.2,76.2,"5.14K","1,04%"
"10/21/2024",76.8,80.5,80.7,76.6,"11.60K","-4,12%"
"10/18/2024",80.1,80.2,83,80.1,"14.90K","0,75%"
"10/17/2024",79.5,79,81.9,78.9,"13.51K","0,76%"
"10/16/2024",78.9,77.4,79.3,76.5,"5.31K","1,94%"
"10/15/2024",77.4,79,79,76.4,"7.70K","-0,90%"
"10/14/2024",78.1,77.4,79.5,77,"13.47K","2,90%"
"10/11/2024",75.9,73.3,77.2,73,"16.22K","4,40%"
"10/10/2024",72.7,72.9,73.9,72.3,"3.80K","0,28%"
"10/09/2024",72.5,70.9,72.7,70.7,"10.15K","2,26%"
"10/08/2024",70.9,70.1,71.2,69.9,"4.15K","-0,14%"
"10/07/2024",71,74,74,70.7,"7.15K","-4,05%"
"10/04/2024",74,72.2,74,71.7,"8.64K","3,06%"
"10/03/2024",71.8,70.5,73.1,69.6,"6.65K","2,28%"
"10/02/2024",70.2,71.9,72.7,70.2,"6.40K","-3,04%"
"10/01/2024",72.4,68.5,74.2,68,"30.45K","6,31%"
"09/30/2024",68.1,69.4,69.4,67.1,"6.31K","-1,30%"
"09/27/2024",69,68.6,69.9,68.6,"7.38K","1,47%"
"09/26/2024",68,65.1,68.8,65.1,"12.49K","6,08%"
"09/25/2024",64.1,63.2,65,62.6,"6.56K","0,94%"
"09/24/2024",63.5,62.4,63.8,62.4,"5.87K","3,25%"
"09/23/2024",61.5,60.9,62.3,60.6,"5.10K","1,65%"
"09/20/2024",60.5,61.8,62.1,60.1,"10.07K","-2,58%"
"09/19/2024",62.1,60.2,63,60.2,"8.20K","4,37%"
"09/18/2024",59.5,59.2,59.8,57.7,"7.32K","1,36%"
"09/17/2024",58.7,57.7,59.2,57.7,"5.29K","1,73%"
"09/16/2024",57.7,61.3,61.3,57.4,NA,"-4,31%"
"09/13/2024",60.3,57.5,61.6,57.5,"12.20K","5,98%"
"09/12/2024",56.9,56.5,58.3,56.4,"8.27K","0,18%"
"09/11/2024",56.8,57.1,58.8,56.6,"9.29K","0,18%"
"09/10/2024",56.7,55.5,57.9,55.5,"12.19K","2,16%"
"09/09/2024",55.5,56,56.6,55.2,"8.71K","0,00%"
"09/06/2024",55.5,56.8,56.8,55.3,"10.29K","-2,12%"
"09/05/2024",56.7,58.3,58.7,56.7,"11.08K","-3,41%"
"09/04/2024",58.7,60.2,60.5,58.4,"17.04K","-4,08%"
"09/03/2024",61.2,62.9,63.5,60.5,"20.59K","-4,08%"
"09/02/2024",63.8,66,66,63.4,"12.80K","-3,48%"
"08/30/2024",66.1,64.8,66.9,64.8,"18.89K","0,92%"
"08/29/2024",65.5,65.6,65.9,65,"16.03K","0,00%"
"08/28/2024",65.5,68.3,68.4,65.1,"6.40K","-3,11%"
"08/27/2024",67.6,68.7,68.8,66.8,"14.01K","-2,03%"
"08/26/2024",69,70.9,70.9,68.7,"9.16K","-1,99%"
"08/23/2024",70.4,71,71.5,70.4,"5.71K","-0,98%"
"08/22/2024",71.1,72.3,72.5,71,"5.80K","-1,66%"
"08/21/2024",72.3,71.8,72.9,71,"8.90K","0,56%"
"08/20/2024",71.9,72.9,72.9,71.6,"12.38K","-0,83%"
"08/19/2024",72.5,71.5,73.3,70.7,"10.62K","1,54%"
"08/16/2024",71.4,71.8,73,70.5,"22.02K","0,99%"
"08/15/2024",70.7,72,73,69.8,"31.68K","0,71%"
"08/14/2024",70.2,69.2,73.1,69.2,"12.32K","1,45%"
"08/13/2024",69.2,70.1,70.6,67,"13.57K","-1,00%"
"08/12/2024",69.9,70.3,70.9,69.4,"6.31K","-0,43%"
"08/09/2024",70.2,69,71,68.4,"11.97K","0,14%"
"08/08/2024",70.1,71.6,72,69.8,"16.55K","-2,64%"
"08/07/2024",72,73.8,74,67.8,"35.42K","-2,70%"
"08/06/2024",74,78.1,80,74,"18.82K","-5,37%"
"08/05/2024",78.2,87,87.7,72,"31.90K","-12,13%"
"08/02/2024",89,90.1,90.8,88.7,"8.41K","-2,84%"
"08/01/2024",91.6,92.1,92.3,91.1,"3.95K","0,11%"
"07/31/2024",91.5,92,92.5,91.1,"5.00K","-1,19%"
"07/30/2024",92.6,89.7,92.7,89.7,"3.76K","2,55%"
"07/29/2024",90.3,90.3,91,89.6,"3.35K","0,11%"
"07/26/2024",90.2,88.1,90.2,87.8,"2.96K","1,46%"
"07/25/2024",88.9,88,89,86.9,"2.96K","0,91%"
"07/24/2024",88.1,89.8,89.8,88.1,"1.77K","-1,67%"
"07/23/2024",89.6,90.2,91.4,88.5,"5.84K","-0,44%"
"07/22/2024",90,88.7,91,88.2,"3.23K","1,01%"
"07/19/2024",89.1,89.5,90,88.9,"2.88K","-0,45%"
"07/18/2024",89.5,87.8,90.8,87.7,"2.40K","1,13%"
"07/17/2024",88.5,92,92,88.5,"5.98K","-2,75%"
"07/16/2024",91,91,91.2,89.1,"6.76K","0,22%"
"07/15/2024",90.8,90.9,91.5,89.8,"4.87K","-0,87%"
"07/12/2024",91.6,90.5,91.6,89.4,"4.31K","1,44%"
"07/11/2024",90.3,86.4,90.4,86.4,"5.04K","3,79%"
"07/10/2024",87,86.8,87.8,86.6,"3.66K","0,00%"
"07/09/2024",87,87.7,88.2,86.4,"6.51K","-0,34%"
"07/08/2024",87.3,86.4,89.3,86.4,"7.32K","0,81%"
"07/05/2024",86.6,85.2,86.9,85,"8.08K","1,52%"
"07/04/2024",85.3,83.2,87,83,"9.02K","3,14%"
"07/03/2024",82.7,83,83.2,80.9,"9.20K","0,24%"
"07/02/2024",82.5,82.2,83.1,81.6,"9.06K","0,00%"
"07/01/2024",82.5,84.4,86,82.2,"6.42K","-1,55%"
"06/28/2024",83.8,86.3,86.8,82.8,"13.43K","-2,78%"
"06/27/2024",86.2,88.6,88.9,86,"6.58K","-2,71%"
"06/26/2024",88.6,91.5,91.5,88.4,"8.27K","-3,70%"
"06/25/2024",92,91.7,92.4,91,"4.13K","0,00%"
"06/24/2024",92,91,92.2,90.1,"4.64K","2,00%"
"06/21/2024",90.2,92.9,92.9,90.2,"7.01K","-2,17%"
"06/20/2024",92.2,90.9,93,90.8,"5.81K","2,10%"
"06/19/2024",90.3,94.8,94.8,88.5,"13.84K","-5,35%"
"06/18/2024",95.4,100.2,100.6,95.4,"14.28K","-1,04%"
"06/17/2024",96.4,96,96.6,94.8,"7.90K","-0,41%"
"06/14/2024",96.8,96.6,97.8,94.4,"8.73K","1,89%"
"06/13/2024",95,98.2,98.5,94.6,"15.30K","-3,94%"
"06/12/2024",98.9,99,100,97.5,"9.22K","-0,40%"
"06/11/2024",99.3,101,101.4,99,"4.85K","-1,10%"
"06/10/2024",100.4,102.4,102.4,99.3,"3.00K","-0,99%"
"06/07/2024",101.4,99.9,102.8,99,"4.83K","2,32%"
"06/06/2024",99.1,101,101.4,98.8,"8.64K","-2,08%"
"06/05/2024",101.2,100.4,102.4,99.1,"11.76K","1,00%"
"06/04/2024",100.2,97.4,101.8,97.4,"9.22K","2,87%"
"06/03/2024",97.4,98.2,98.7,96.7,"2.47K","-1,02%"
"05/31/2024",98.4,97.8,98.5,95.4,"7.39K","-0,10%"
"05/30/2024",98.5,96.6,98.5,95.6,"3.42K","2,50%"
"05/29/2024",96.1,97.2,97.6,96.1,"3.29K","-1,13%"
"05/28/2024",97.2,100,100,96.3,"7.36K","-1,82%"
"05/27/2024",99,98.5,99,97.4,"5.24K","1,54%"
"05/24/2024",97.5,96.3,98,95.3,"4.38K","1,25%"
"05/23/2024",96.3,96.8,98.2,96.3,"6.82K","-0,82%"
"05/22/2024",97.1,95.9,98.1,95.1,"6.03K","1,15%"
"05/21/2024",96,95,96,93,"8.45K","1,59%"
"05/20/2024",94.5,93.5,95.3,93,"6.42K","0,85%"
"05/17/2024",93.7,98.1,98.1,92.8,"19.74K","-3,60%"
"05/16/2024",97.2,99.9,100,96.5,"14.77K","-2,80%"
"05/15/2024",100,102.2,102.8,99.5,"11.46K","-2,34%"
"05/14/2024",102.4,104,104,101.8,"4.56K","-1,35%"
"05/13/2024",103.8,104.2,105.2,101,"14.05K","-2,44%"
"05/10/2024",106.4,106.2,107,104.6,"8.17K","0,57%"
"05/09/2024",105.8,107.4,107.6,105.8,"2.58K","-0,75%"
"05/08/2024",106.6,109.6,109.6,106.6,"3.27K","-3,09%"
"05/07/2024",110,107.6,110.6,107.6,"4.14K","2,42%"
"05/06/2024",107.4,111,111,107.4,"3.48K","-3,76%"
"05/03/2024",111.6,108,115.8,106.8,"15.55K","3,53%"
"05/02/2024",107.8,109.6,110.8,107.2,"3.66K","-1,46%"
"04/30/2024",109.4,107.6,109.4,107.6,"3.63K","1,11%"
"04/29/2024",108.2,108,108.2,106.6,"3.00K","1,31%"
"04/26/2024",106.8,105,107.2,105,"4.03K","2,50%"
"04/25/2024",104.2,106.4,106.4,103.4,"3.37K","-2,07%"
"04/24/2024",106.4,108.2,108.2,106,"2.83K","-0,75%"
"04/23/2024",107.2,105.8,107.8,105.4,"2.70K","2,49%"
"04/22/2024",104.6,103,106.6,103,"6.03K","2,15%"
"04/19/2024",102.4,103,103.6,101.6,"5.00K","-1,73%"
"04/18/2024",104.2,104,105.2,100.4,"5.99K","-0,19%"
"04/17/2024",104.4,104.2,106.2,103.6,"2.88K","-0,76%"
"04/16/2024",105.2,106,106.2,103.6,"8.60K","-1,87%"
"04/15/2024",107.2,108.2,108.8,106.4,"4.46K","-1,29%"
"04/12/2024",108.6,113.4,114,108.6,"5.40K","-3,04%"
"04/11/2024",112,113,113.4,110,"5.39K","-0,18%"
"04/10/2024",112.2,110.4,113.4,110.4,"6.05K","1,26%"
"04/09/2024",110.8,111.2,111.8,110,"3.74K","-1,07%"
"04/08/2024",112,110,112.2,110,"4.08K","1,27%"
"04/05/2024",110.6,110,112,108.8,"5.01K","-1,07%"
"04/04/2024",111.8,109,112.2,108.2,"4.31K","2,38%"
"04/03/2024",109.2,106.8,110.2,106,"6.68K","2,82%"
"04/02/2024",106.2,109,109.4,106,"7.81K","-2,75%"
"03/28/2024",109.2,112.6,113,108.2,"11.50K","-3,53%"
"03/27/2024",113.2,107.2,113.6,106.4,"16.48K","5,40%"
"03/26/2024",107.4,107.4,110,105.8,"19.27K","0,56%"
"03/25/2024",106.8,109,110,106.2,"7.25K","-1,84%"
"03/22/2024",108.8,106.6,109.8,106,"11.25K","1,12%"
"03/21/2024",107.6,114.4,115.2,101,"30.74K","-5,61%"
"03/20/2024",114,116.4,116.4,113.4,"8.29K","-1,89%"
"03/19/2024",116.2,115.2,117.4,114,"4.21K","0,00%"
"03/18/2024",116.2,119,119,116.2,"3.56K","-2,35%"
"03/15/2024",119,119,119.4,117.4,"9.95K","0,34%"
"03/14/2024",118.6,117.2,119,117,"7.57K","0,51%"
"03/13/2024",118,115,118.2,114.2,"8.15K","2,08%"
"03/12/2024",115.6,117,117,114,"7.06K","-1,20%"
"03/11/2024",117,119.8,119.8,116.6,"5.60K","-1,52%"
"03/08/2024",118.8,120.8,121,118.4,"3.95K","-1,00%"
"03/07/2024",120,117,120.2,115,"6.61K","2,39%"
"03/06/2024",117.2,114.8,118,114.6,"5.31K","1,38%"
"03/05/2024",115.6,114.4,116.4,113.8,"7.90K","0,52%"
"03/04/2024",115,116,116,113.8,"8.20K","-0,86%"
"03/01/2024",116,115,116,114,"8.97K","1,22%"
"02/29/2024",114.6,114,116,113.4,"17.01K","0,88%"
"02/28/2024",113.6,118.4,118.6,112.6,"31.33K","-0,53%"
"02/27/2024",114.2,109.2,116.6,109,"28.64K","4,77%"
"02/26/2024",109,100.4,110.6,100.4,"18.78K","9,88%"
"02/23/2024",99.2,95,99.4,94.2,"8.49K","4,31%"
"02/22/2024",95.1,94.1,96,93.7,"4.55K","2,04%"
"02/21/2024",93.2,97.3,98,92.2,"8.09K","-3,42%"
"02/20/2024",96.5,99,103.2,96.5,"8.87K","-3,11%"
"02/19/2024",99.6,97.8,100.2,96.4,"10.44K","2,05%"
"02/16/2024",97.6,95.8,98.3,95.6,"4.93K","1,46%"
"02/15/2024",96.2,95.4,98.2,95.4,"3.86K","0,94%"
"02/14/2024",95.3,93,96,93,"4.76K","1,93%"
"02/13/2024",93.5,97.2,97.2,92.1,"8.71K","-2,91%"
"02/12/2024",96.3,93.2,96.5,93.2,"8.01K","2,99%"
"02/09/2024",93.5,92.6,94.9,92.6,"9.27K","0,97%"
"02/08/2024",92.6,92,93.2,91.1,"7.70K","0,98%"
"02/07/2024",91.7,93.3,93.5,91.4,"8.80K","-1,29%"
"02/06/2024",92.9,96.7,96.7,92.1,"8.66K","-3,63%"
"02/05/2024",96.4,99.8,99.9,95.2,"8.12K","-2,72%"
"02/02/2024",99.1,97.7,101.6,97.6,"8.22K","1,95%"
"02/01/2024",97.2,92.2,99.2,92,"15.57K","4,40%"
"01/31/2024",93.1,96.9,96.9,93,"5.67K","-3,02%"
"01/30/2024",96,93.9,96.8,93.3,"12.38K","2,78%"
"01/29/2024",93.4,96.3,96.6,92.3,"9.42K","-3,61%"
"01/26/2024",96.9,96.1,97.9,96,"4.78K","0,00%"
"01/25/2024",96.9,97,97.3,95.2,"5.06K","-0,10%"
"01/24/2024",97,99.8,100.2,96.4,"9.16K","-2,41%"
"01/23/2024",99.4,99.4,100,97.7,"5.64K","1,22%"
"01/22/2024",98.2,99.8,100.6,98,"3.03K","-0,10%"
"01/19/2024",98.3,98.5,99.3,97,"3.60K","0,61%"
"01/18/2024",97.7,96,98.5,96,"5.48K","1,14%"
"01/17/2024",96.6,97,97.1,95,"5.38K","-0,72%"
"01/16/2024",97.3,99,99.7,97.1,"1.88K","-1,82%"
"01/15/2024",99.1,101.8,102.4,97.3,"5.09K","-3,41%"
"01/12/2024",102.6,99.8,102.6,98.7,"11.87K","4,48%"
"01/11/2024",98.2,102.6,103.2,97.8,"14.23K","-3,54%"
"01/10/2024",101.8,104.2,104.2,101,"6.57K","-2,30%"
"01/09/2024",104.2,104.6,105.6,103.2,"3.50K","0,39%"
"01/08/2024",103.8,106,106,102,"2.27K","-1,14%"
"01/05/2024",105,106.2,106.2,101.4,"4.03K","-0,76%"
"01/04/2024",105.8,105.4,106.8,104.6,"3.75K","1,54%"
"01/03/2024",104.2,109,109,104,"6.79K","-3,52%"
"01/02/2024",108,108,110,107.4,"4.12K","0,56%"
"12/29/2023",107.4,105.8,107.8,105.8,"3.69K","0,75%"
"12/28/2023",106.6,107,108.4,106,"4.17K","0,19%"
"12/27/2023",106.4,105.6,107.4,104.2,"5.81K","1,53%"
"12/22/2023",104.8,101.6,105,101.6,"4.59K","2,75%"
"12/21/2023",102,100.8,103,100.6,"3.29K","-0,97%"
"12/20/2023",103,99.2,103.8,99.2,"7.49K","3,00%"
"12/19/2023",100,95.1,101,95.1,"8.10K","4,60%"
"12/18/2023",95.6,95.4,96.2,93.6,"8.82K","1,49%"
"12/15/2023",94.2,94.8,95.6,93.5,"13.56K","-0,11%"
"12/14/2023",94.3,91.1,94.3,91.1,"28.06K","3,63%"
"12/13/2023",91,92.5,93.1,90,"6.87K","-2,15%"
"12/12/2023",93,96.2,96.2,92.9,"8.86K","-2,31%"
"12/11/2023",95.2,97,97.8,95.1,"3.58K","-2,16%"
"12/08/2023",97.3,98.1,98.6,96.3,"5.44K","-1,32%"
"12/07/2023",98.6,100.2,100.2,98,"2.11K","-1,79%"
"12/06/2023",100.4,98.2,101.2,98.2,"9.89K","1,52%"
"12/05/2023",98.9,96.5,101,93.6,"15.94K","2,28%"
"12/04/2023",96.7,99,99,95.6,"8.64K","-2,52%"
"12/01/2023",99.2,98.3,100.2,98.3,"4.65K","1,43%"
"11/30/2023",97.8,103.2,103.2,97.4,"8.45K","-5,42%"
"11/29/2023",103.4,99.1,104.4,99,"6.90K","4,76%"
"11/28/2023",98.7,98.7,98.8,97,"1.84K","0,92%"
"11/27/2023",97.8,99.9,99.9,97.5,"2.41K","-1,61%"
"11/24/2023",99.4,100.6,101,99,"3.19K","-0,80%"
"11/23/2023",100.2,100,102,99.5,"3.95K","0,80%"
"11/22/2023",99.4,97.8,100.6,97.7,"6.83K","2,58%"
"11/21/2023",96.9,100.4,100.4,96.8,"2.22K","-2,42%"
"11/20/2023",99.3,99.9,99.9,97.5,"3.35K","0,40%"
"11/17/2023",98.9,98,103,98,"8.18K","0,41%"
"11/16/2023",98.5,100.4,100.4,95.3,"11.34K","-0,81%"
"11/15/2023",99.3,103,104,98.8,"10.63K","1,53%"
"11/14/2023",97.8,94.6,99.8,93.7,"7.56K","3,82%"
"11/13/2023",94.2,95.8,95.8,93.4,"7.45K","0,32%"
"11/10/2023",93.9,96.9,96.9,93.7,"3.48K","-2,69%"
"11/09/2023",96.5,92.9,98,92.3,"9.17K","4,66%"
"11/08/2023",92.2,92.1,92.7,91.1,"3.55K","0,00%"
"11/07/2023",92.2,91.5,92.8,90.8,"8.27K","1,54%"
"11/06/2023",90.8,92.7,93.4,90,"4.49K","-1,63%"
"11/03/2023",92.3,93.8,96.4,91.3,"6.28K","-0,43%"
"11/02/2023",92.7,88,93.2,83,"24.37K","6,19%"
"11/01/2023",87.3,90.4,90.4,86.5,"4.09K","-2,02%"
"10/31/2023",89.1,89.1,90,88.7,"3.71K","0,79%"
"10/30/2023",88.4,87,89.7,86.5,"6.36K","2,43%"
"10/27/2023",86.3,83.4,86.9,83,"7.90K","3,73%"
"10/26/2023",83.2,84.8,86.4,82.7,"7.01K","-3,82%"
"10/25/2023",86.5,88.4,88.6,84.3,"12.41K","-2,92%"
"10/24/2023",89.1,87.2,89.1,87,"10.69K","1,25%"
"10/23/2023",88,89.1,89.6,87.3,"10.79K","-0,56%"
"10/20/2023",88.5,89.8,90.7,87.7,"5.82K","-1,99%"
"10/19/2023",90.3,92,92.2,88.2,"6.40K","-1,85%"
"10/18/2023",92,93,93,91.6,"2.64K","-0,76%"
"10/17/2023",92.7,93,94.1,92,"3.36K","-0,75%"
"10/16/2023",93.4,93,94.1,91.4,"7.33K","1,19%"
"10/13/2023",92.3,95,95.6,91.9,"10.34K","-2,84%"
"10/12/2023",95,96.3,97,94.6,"8.96K","-1,96%"
"10/11/2023",96.9,92,97.5,92,"5.83K","4,42%"
"10/10/2023",92.8,95.3,98,92.5,"16.24K","-2,32%"
"10/09/2023",95,97,99.4,94.5,"5.23K","-2,86%"
"10/06/2023",97.8,96.5,99,96.1,"10.76K","0,72%"
"10/05/2023",97.1,100,102.2,97.1,"5.95K","-3,09%"
"10/04/2023",100.2,99.6,100.2,97.8,"5.20K","0,00%"
"10/03/2023",100.2,100.4,102.4,100,"5.03K","-0,20%"
"10/02/2023",100.4,103,103.4,99.1,"2.48K","-2,14%"
"09/29/2023",102.6,102.2,105,102,"3.70K","1,38%"
"09/28/2023",101.2,102.8,102.8,100,"3.16K","-1,36%"
"09/27/2023",102.6,103,104.6,102.2,"3.99K","-0,97%"
"09/26/2023",103.6,105,105.6,103,"3.85K","-1,89%"
"09/25/2023",105.6,107.8,108,105.2,"2.32K","-2,22%"
"09/22/2023",108,106.2,109.4,106,"2.79K","1,69%"
"09/21/2023",106.2,109.2,109.6,106.2,"3.59K","-3,63%"
"09/20/2023",110.2,110.6,111.2,110,"1.20K","0,18%"
"09/19/2023",110,108.8,110.6,108,"2.14K","0,73%"
"09/18/2023",109.2,113.4,114.6,109.2,"2.61K","-3,70%"
"09/15/2023",113.4,115.4,116.4,112.6,"11.87K","-0,35%"
"09/14/2023",113.8,114,114.4,112.6,"1.28K","0,89%"
"09/13/2023",112.8,112,113,112,"2.20K","1,26%"
"09/12/2023",111.4,114,114,110.8,"1.55K","-1,24%"
"09/11/2023",112.8,113.8,114,112.2,"1.48K","-0,18%"
"09/08/2023",113,113.2,113.8,112.4,"1.42K","-0,53%"
"09/07/2023",113.6,113,114.8,112,"4.35K","0,00%"
"09/06/2023",113.6,114,114.8,113.2,"3.65K","-0,35%"
"09/05/2023",114,113.6,114,113.2,"0.87K","0,35%"
"09/04/2023",113.6,115.2,115.2,113.6,"1.35K","-0,53%"
"09/01/2023",114.2,115.8,116,113.8,"3.82K","-1,21%"
"08/31/2023",115.6,113.6,117.4,113.6,"2.99K","1,58%"
"08/30/2023",113.8,114.4,116.2,113.2,"1.59K","-0,87%"
"08/29/2023",114.8,112.6,115.6,112,"3.19K","2,14%"
"08/28/2023",112.4,110.6,112.4,110.6,"2.13K","2,18%"
"08/25/2023",110,111.8,111.8,109,"4.36K","-1,61%"
"08/24/2023",111.8,111,116.4,111,"8.46K","1,64%"
"08/23/2023",110,111,111.2,108.8,"4.35K","0,36%"
"08/22/2023",109.6,107.4,111,107.4,"2.94K","1,86%"
"08/21/2023",107.6,107.4,109.8,107.2,"3.79K","0,19%"
"08/18/2023",107.4,107.8,107.8,106,"5.38K","0,37%"
"08/17/2023",107,109.6,109.6,106.8,"6.44K","-2,55%"
"08/16/2023",109.8,105.2,110.4,105.2,"3.68K","3,98%"
"08/15/2023",105.6,110.8,111,104.4,"4.60K","-3,65%"
"08/14/2023",109.6,103,113.4,103,"16.67K","7,45%"
"08/11/2023",102,103.4,103.8,100.8,"7.53K","-1,16%"
"08/10/2023",103.2,104.6,104.8,102.6,"7.10K","-0,77%"
"08/09/2023",104,107.4,107.6,104,"3.64K","-1,52%"
"08/08/2023",105.6,110,110,105.6,"3.12K","-3,65%"
"08/07/2023",109.6,107.8,110.6,107.8,"1.53K","1,86%"
"08/04/2023",107.6,108,108.4,105.4,"2.91K","0,19%"
"08/03/2023",107.4,109.6,111.6,107.4,"4.15K","-2,54%"
"08/02/2023",110.2,108,114.2,108,"4.76K","0,73%"
"08/01/2023",109.4,107.2,110.4,106.2,"5.26K","3,01%"
"07/31/2023",106.2,105,109.2,105,"4.67K","0,38%"
"07/28/2023",105.8,106.4,107.2,103.6,"4.25K","-1,31%"
"07/27/2023",107.2,107,108.2,106.2,"3.63K","1,32%"
"07/26/2023",105.8,107.6,108.6,103.6,"2.25K","-1,12%"
"07/25/2023",107,102.8,107.6,102.8,"8.15K","5,11%"
"07/24/2023",101.8,105.8,107.2,99.8,"26.90K","-3,96%"
"07/21/2023",106,110.6,112.2,105,"6.97K","-4,68%"
"07/20/2023",111.2,111.2,114,110.2,"2.84K","-0,36%"
"07/19/2023",111.6,112,114.2,111.6,"4.70K","-0,36%"
"07/18/2023",112,112.4,113.2,111.6,"1.53K","-0,53%"
"07/17/2023",112.6,115,115,112.2,"4.49K","-2,60%"
"07/14/2023",115.6,113,116.2,112.4,"2.57K","2,66%"
"07/13/2023",112.6,114.4,114.4,112,"2.99K","-0,35%"
"07/12/2023",113,114,114.4,112.2,"2.29K","-0,35%"
"07/11/2023",113.4,116.2,117.2,113,"2.82K","-1,73%"
"07/10/2023",115.4,112.6,116.6,112,"2.84K","2,12%"
"07/07/2023",113,111.4,113,110.8,"5.02K","1,44%"
"07/06/2023",111.4,118,118,111.4,"4.87K","-6,23%"
"07/05/2023",118.8,121.6,122,118.8,"2.88K","-2,62%"
"07/04/2023",122,121.4,122.2,120.8,"1.22K","1,33%"
"07/03/2023",120.4,124.4,124.6,119.8,"2.38K","-2,75%"
"06/30/2023",123.8,122.4,124.4,121.6,"3.22K","2,31%"
"06/29/2023",121,120,121.4,119.2,"2.40K","1,00%"
"06/28/2023",119.8,118.6,121,118,"3.59K","0,50%"
"06/27/2023",119.2,121.8,121.8,117.8,"2.40K","-2,30%"
"06/26/2023",122,122,122.4,121.4,"1.25K","0,66%"
"06/23/2023",121.2,122.6,122.8,121,"2.05K","-1,30%"
"06/22/2023",122.8,122,123,121.8,"0.82K","0,66%"
"06/21/2023",122,122.8,123.2,122,"2.05K","-0,65%"
"06/20/2023",122.8,124,124,122,"3.35K","-0,32%"
"06/19/2023",123.2,126.8,127,123,"3.54K","-2,22%"
"06/16/2023",126,123.2,126.6,123.2,"3.12K","2,77%"
"06/15/2023",122.6,122.8,123.6,122,"1.33K","-0,65%"
"06/14/2023",123.4,120.8,124.4,120.8,"3.71K","2,32%"
"06/13/2023",120.6,118.4,121.6,117.2,"3.08K","2,55%"
"06/12/2023",117.6,115.8,117.8,115.2,"4.40K","1,73%"
"06/09/2023",115.6,116.2,117,115.2,"2.28K","-0,69%"
"06/08/2023",116.4,117,117,116.2,"0.74K","0,34%"
"06/07/2023",116,115.4,117.2,115,"2.09K","0,17%"
"06/06/2023",115.8,116.4,116.8,115.8,"1.58K","-1,03%"
"06/05/2023",117,119,119,116.4,"4.00K","-1,35%"
"06/02/2023",118.6,116,120.8,116,"4.83K","3,13%"
"06/01/2023",115,114,115,112.4,"3.63K","1,23%"
"05/31/2023",113.6,116.8,117.2,112.6,"5.29K","-3,57%"
"05/30/2023",117.8,119,119.8,117.6,"5.26K","-0,34%"
"05/29/2023",118.2,121.2,123,118.2,"2.14K","-1,66%"
"05/26/2023",120.2,120,121.6,118.8,"3.75K","-0,50%"
"05/25/2023",120.8,119,121.6,117.8,"4.68K","2,72%"
"05/24/2023",117.6,122.2,122.2,117,"3.93K","-4,70%"
"05/23/2023",123.4,123.4,127.4,123.4,"4.63K","-0,96%"
"05/22/2023",124.6,124.4,125.8,122.8,"4.15K","-0,16%"
"05/19/2023",124.8,121.4,128.6,121.4,"6.67K","2,63%"
"05/18/2023",121.6,123.4,123.8,120.8,"1.98K","-0,82%"
"05/17/2023",122.6,126.6,127.4,121.2,"4.67K","-3,16%"
"05/16/2023",126.6,128,128,126,"1.97K","-1,09%"
"05/15/2023",128,128.8,128.8,126.2,"3.22K","-0,78%"
"05/12/2023",129,129.8,129.8,128,"2.10K","0,31%"
"05/11/2023",128.6,130,132.2,128,"3.30K","0,00%"
"05/10/2023",128.6,127.2,129.6,125.6,"6.34K","0,94%"
"05/09/2023",127.4,128.4,129.8,126.2,"7.23K","-0,16%"
"05/08/2023",127.6,129.8,129.8,122.2,"13.91K","-6,86%"
"05/05/2023",137,135.4,137.2,134.6,"2.23K","2,85%"
"05/04/2023",133.2,131,133.4,130.8,"1.34K","0,76%"
"05/03/2023",132.2,131.8,133.6,131.8,"0.89K","-0,45%"
"05/02/2023",132.8,136.6,136.6,132.8,"1.65K","-2,06%"
"04/28/2023",135.6,130,136.4,128.2,"7.06K","4,15%"
"04/27/2023",130.2,129,130.8,129,"2.14K","0,15%"
"04/26/2023",130,129.8,130.8,127.8,"4.58K","-0,61%"
"04/25/2023",130.8,132,132,129.8,"7.17K","-1,21%"
"04/24/2023",132.4,134.4,134.6,132.2,"4.43K","-0,75%"
"04/21/2023",133.4,135.2,135.4,132.8,"5.89K","-2,06%"
"04/20/2023",136.2,138,140,135.2,"3.94K","-1,30%"
"04/19/2023",138,142.2,142.2,137.4,"3.46K","-3,50%"
"04/18/2023",143,145.2,146.4,142.8,"2.87K","-0,97%"
"04/17/2023",144.4,145,146.2,144,"1.76K","-0,41%"
"04/14/2023",145,141.4,145,141.4,"3.73K","2,84%"
"04/13/2023",141,138,141.6,138,"3.65K","2,17%"
"04/12/2023",138,139.6,141.4,137.6,"3.20K","-1,00%"
"04/11/2023",139.4,140.6,141.6,138.2,"2.99K","-0,14%"
"04/06/2023",139.6,143.2,143.2,137.4,"8.46K","-2,38%"
"04/05/2023",143,147.8,147.8,141.8,"3.71K","-2,59%"
"04/04/2023",146.8,150.4,150.4,146.8,"1.50K","-2,65%"
"04/03/2023",150.8,147.4,150.8,147.4,"12.36K","2,59%"
"03/31/2023",147,150.8,151,146.4,"3.60K","-2,13%"
"03/30/2023",150.2,151.8,151.8,148.8,"3.35K","-0,40%"
"03/29/2023",150.8,148.8,151.2,148,"2.62K","1,75%"
"03/28/2023",148.2,152,152.8,147.6,"1.91K","-1,72%"
"03/27/2023",150.8,150.8,152,149.4,"2.99K","0,94%"
"03/24/2023",149.4,155,155.8,148,"4.53K","-3,74%"
"03/23/2023",155.2,151,156,150.4,"7.41K","1,44%"
"03/22/2023",153,153,154,151.2,"5.44K","-0,39%"
"03/21/2023",153.6,151.6,154.2,151,"1.93K","2,40%"
"03/20/2023",150,148.6,150,145,"2.66K","-0,40%"
"03/17/2023",150.6,151.4,153,149.2,"4.03K","-0,53%"
"03/16/2023",151.4,147.8,151.4,143.8,"2.31K","4,27%"
"03/15/2023",145.2,152.4,152.4,144.4,"5.59K","-4,10%"
"03/14/2023",151.4,147,153.2,147,"4.00K","2,30%"
"03/13/2023",148,148.4,148.4,144.8,"6.39K","-1,07%"
"03/10/2023",149.6,149.4,150.4,145.6,"3.96K","-0,40%"
"03/09/2023",150.2,151.6,151.6,149.2,"1.44K","-1,31%"
"03/08/2023",152.2,152.6,152.6,148.6,"2.18K","0,79%"
"03/07/2023",151,152.8,154,150,"2.24K","-1,95%"
"03/06/2023",154,153.4,155.4,151.8,"2.69K","0,39%"
"03/03/2023",153.4,153,154,151.8,"2.11K","0,92%"
"03/02/2023",152,153.8,154.2,152,"2.44K","-1,04%"
"03/01/2023",153.6,153,154.8,151.8,"2.55K","1,32%"
"02/28/2023",151.6,152,152.6,150.8,"2.37K","-0,79%"
"02/27/2023",152.8,153,156.4,152,"4.37K","1,87%"
"02/24/2023",150,153.2,154,150,"5.31K","-1,83%"
"02/23/2023",152.8,148.4,153.2,148.4,"2.63K","2,55%"
"02/22/2023",149,149.6,150.6,146.8,"5.50K","-0,67%"
"02/21/2023",150,152.2,152.2,149,"2.58K","-1,45%"
"02/20/2023",152.2,152.2,152.6,150,"1.87K","0,66%"
"02/17/2023",151.2,150.6,151.8,149.6,"4.69K","-0,53%"
"02/16/2023",152,154.8,154.8,150.2,"5.93K","-0,91%"
"02/15/2023",153.4,149.4,153.4,148.8,"4.61K","2,95%"
"02/14/2023",149,144.4,149.8,142.4,"10.30K","2,90%"
"02/13/2023",144.8,143.2,145.6,142.8,"2.15K","1,54%"
"02/10/2023",142.6,147.8,147.8,142,"4.98K","-3,78%"
"02/09/2023",148.2,148.8,150.6,147.8,"2.14K","0,82%"
"02/08/2023",147,149,149.4,146.8,"2.78K","0,41%"
"02/07/2023",146.4,151.6,151.6,145.2,"2.55K","-3,17%"
"02/06/2023",151.2,149.2,151.2,147.6,"3.61K","-0,40%"
"02/03/2023",151.8,149.6,152.8,147,"3.83K","1,20%"
"02/02/2023",150,146,150.8,145.2,"4.98K","3,73%"
"02/01/2023",144.6,146.4,147.8,144.6,"1.74K","-0,28%"
"01/31/2023",145,143.4,146.4,141.8,"5.40K","1,54%"
"01/30/2023",142.8,147.2,147.2,139.6,"5.65K","-2,06%"
"01/27/2023",145.8,149.8,149.8,144,"4.12K","-1,22%"
"01/26/2023",147.6,148.8,148.8,146,"4.07K","0,96%"
"01/25/2023",146.2,149.2,149.4,145.8,"3.89K","-2,53%"
"01/24/2023",150,150,151,148.8,"5.47K","0,40%"
"01/23/2023",149.4,148.6,151.8,148.6,"3.61K","1,22%"
"01/20/2023",147.6,146.4,149,145.6,"2.92K","1,10%"
"01/19/2023",146,154.2,154.2,145.4,"7.50K","-6,29%"
"01/18/2023",155.8,157,160.2,154.2,"6.48K","0,13%"
"01/17/2023",155.6,153.8,156,153,"2.70K","1,30%"
"01/16/2023",153.6,152.2,154.8,151,"3.67K","1,19%"
"01/13/2023",151.8,148.8,152.6,148.8,"3.85K","2,71%"
"01/12/2023",147.8,153.4,156.8,145.8,"9.39K","-3,52%"
"01/11/2023",153.2,143.4,153.2,142.8,"10.62K","7,74%"
"01/10/2023",142.2,145,145.4,141.8,"4.04K","-2,34%"
"01/09/2023",145.6,142,146.6,141.2,"4.09K","2,82%"
"01/06/2023",141.6,139.2,142.2,138,"2.94K","2,02%"
"01/05/2023",138.8,139.8,140,137.2,"2.77K","-1,28%"
"01/04/2023",140.6,138.6,141.8,136.4,"3.31K","2,33%"
"01/03/2023",137.4,135.6,140.8,135,"5.42K","1,93%"
"01/02/2023",134.8,132.2,135.2,130.8,"3.10K","2,28%"
"12/30/2022",131.8,134.2,135,131.8,"1.61K","-1,64%"
"12/29/2022",134,131.2,134.6,129.6,"1.73K","1,98%"
"12/28/2022",131.4,130.4,131.6,129,"3.40K","1,39%"
"12/27/2022",129.6,135.2,137.2,129.4,"3.68K","-1,82%"
"12/23/2022",132,131,132.6,130.2,"2.48K","1,23%"
"12/22/2022",130.4,132.4,135.4,129.6,"4.15K","-0,46%"
"12/21/2022",131,124.6,131,124,"5.61K","5,65%"
"12/20/2022",124,127,127.2,123.4,"11.22K","-3,28%"
"12/19/2022",128.2,131,131,127.6,"3.22K","-1,54%"
"12/16/2022",130.2,131.2,131.4,127.4,"3.54K","-0,61%"
"12/15/2022",131,137.2,137.2,130.6,"6.33K","-4,24%"
"12/14/2022",136.8,138.2,138.2,134.2,"4.76K","-0,58%"
"12/13/2022",137.6,133.4,139,131.6,"3.81K","3,61%"
"12/12/2022",132.8,131.8,133.6,130,"4.28K","-0,15%"
"12/09/2022",133,132.4,134.2,132,"2.37K","1,84%"
"12/08/2022",130.6,129.2,130.6,127.8,"3.42K","0,77%"
"12/07/2022",129.6,127,131.8,125.8,"6.26K","1,41%"
"12/06/2022",127.8,133.4,134.4,126.8,"6.96K","-4,91%"
"12/05/2022",134.4,136.6,136.6,133.6,"5.10K","-0,30%"
"12/02/2022",134.8,135,137,132.4,"6.86K","0,00%"
"12/01/2022",134.8,136.6,139.2,133.8,"6.37K","-0,59%"
"11/30/2022",135.6,134.6,137.8,132.2,"6.63K","1,35%"
"11/29/2022",133.8,135.6,137.2,132.6,"8.53K","-1,62%"
"11/28/2022",136,138,138.2,135.4,"5.47K","-1,16%"
"11/25/2022",137.6,141,141.4,137,"3.60K","-1,43%"
"11/24/2022",139.6,135.2,139.8,135.2,"7.43K","4,65%"
"11/23/2022",133.4,128.8,133.4,127.2,"6.61K","4,87%"
"11/22/2022",127.2,126,127.8,124.6,"3.74K","1,11%"
"11/21/2022",125.8,127.8,127.8,124.2,"4.73K","-2,33%"
"11/18/2022",128.8,131.4,132,128.4,"6.01K","-1,68%"
"11/17/2022",131,126.8,133.2,126.4,"8.70K","4,80%"
"11/16/2022",125,131,131,123.2,"9.55K","-2,95%"
"11/15/2022",128.8,129,136.6,127.4,"10.80K","2,06%"
"11/14/2022",126.2,120,136,117.4,"22.44K","9,36%"
"11/11/2022",115.4,112.8,115.4,111.4,"5.17K","3,96%"
"11/10/2022",111,103.8,111.4,102.4,"4.51K","6,53%"
"11/09/2022",104.2,106.2,106.8,102.8,"3.77K","-1,51%"
"11/08/2022",105.8,102.4,106,102.2,"3.18K","2,32%"
"11/07/2022",103.4,101,103.6,101,"4.58K","2,17%"
"11/04/2022",101.2,100.4,101.6,98.6,"3.56K","2,02%"
"11/03/2022",99.2,100.4,100.4,97.8,"6.50K","-2,36%"
"11/02/2022",101.6,103,103,101,"2.93K","-0,39%"
"11/01/2022",102,101.6,105,101.6,"3.42K","1,80%"
"10/31/2022",100.2,101.8,103.4,100.2,"5.39K","-1,76%"
"10/28/2022",102,102.4,103,100.6,"3.43K","-1,92%"
"10/27/2022",104,105.4,105.4,101.8,"3.85K","-1,33%"
"10/26/2022",105.4,104,106,103.6,"6.16K","-0,19%"
"10/25/2022",105.6,101,106.8,100,"4.77K","5,39%"
"10/24/2022",100.2,102.2,103,99.9,"8.12K","-0,99%"
"10/21/2022",101.2,101.2,103.8,99.5,"9.10K","-0,59%"
"10/20/2022",101.8,100,101.8,98.9,"8.34K","2,52%"
"10/19/2022",99.3,101.8,101.8,99.3,"3.76K","-1,68%"
"10/18/2022",101,101.8,104.2,100.8,"4.30K","0,00%"
"10/17/2022",101,99.4,101,97.6,"3.55K","2,33%"
"10/14/2022",98.7,99.8,101.4,97.9,"5.30K","1,23%"
"10/13/2022",97.5,95.6,98.5,92,"8.20K","1,25%"
"10/12/2022",96.3,98.2,98.6,95.5,"3.47K","-2,03%"
"10/11/2022",98.3,98.5,99.1,96.3,"9.09K","-0,91%"
"10/10/2022",99.2,99.5,102,98.1,"8.53K","-0,70%"
"10/07/2022",99.9,108,108,99.3,"12.88K","-6,81%"
"10/06/2022",107.2,107.2,109,106.2,"2.68K","-0,56%"
"10/05/2022",107.8,108.8,111.2,107,"6.91K","-0,92%"
"10/04/2022",108.8,106.2,109,105,"5.87K","5,02%"
"10/03/2022",103.6,102.8,103.8,100,"4.95K","0,19%"
"09/30/2022",103.4,98.5,103.4,97.6,"12.28K","5,08%"
"09/29/2022",98.4,102,102,98,"6.44K","-3,53%"
"09/28/2022",102,102,102.6,98.4,"6.90K","0,20%"
"09/27/2022",101.8,103.8,106,101.8,"6.69K","-0,39%"
"09/26/2022",102.2,101,104.4,100.6,"8.35K","0,20%"
"09/23/2022",102,109,109,98.6,"29.80K","-6,25%"
"09/22/2022",108.8,109.2,112,108.6,"12.20K","-3,20%"
"09/21/2022",112.4,109.2,112.4,108.4,"3.94K","2,00%"
"09/20/2022",110.2,113,113.8,110,"4.84K","-1,61%"
"09/19/2022",112,110.4,112.4,109.4,"4.63K","1,27%"
"09/16/2022",110.6,111.8,112.4,110,"7.65K","-1,95%"
"09/15/2022",112.8,117,117,112,"11.26K","-3,09%"
"09/14/2022",116.4,117,118.8,115,"2.94K","-1,02%"
"09/13/2022",117.6,123.8,123.8,117,"7.77K","-4,39%"
"09/12/2022",123,121,124.6,119.8,"11.80K","3,36%"
"09/09/2022",119,116,120,116,"6.32K","2,59%"
"09/08/2022",116,114,116.2,112.6,"12.38K","1,75%"
"09/07/2022",114,114.6,115,112.8,"14.46K","-0,70%"
"09/06/2022",114.8,118,118.6,113.6,"11.93K","-1,88%"
"09/05/2022",117,120,120.4,115.8,"14.67K","-2,99%"
"09/02/2022",120.6,119,121.8,118.4,"18.49K","4,15%"
"09/01/2022",115.8,121,121,115,"14.55K","-4,14%"
"08/31/2022",120.8,121,123.4,120.2,"7.50K","0,00%"
"08/30/2022",120.8,123.6,126.2,119,"13.61K","-0,98%"
"08/29/2022",122,120.8,123,119,"12.24K","1,50%"
"08/26/2022",120.2,123,124.8,119.2,"18.99K","-2,28%"
"08/25/2022",123,127.2,128.4,123,"6.44K","-3,76%"
"08/24/2022",127.8,124.6,128.6,123.8,"7.80K","1,43%"
"08/23/2022",126,127.2,129,125.8,"6.14K","-1,87%"
"08/22/2022",128.4,131,132.8,128,"14.10K","-2,43%"
"08/19/2022",131.6,132.8,134.8,128.4,"14.18K","-1,79%"
"08/18/2022",134,136.8,137,134,"15.75K","-1,18%"
"08/17/2022",135.6,142.2,143,134.2,"32.26K","-3,83%"
"08/16/2022",141,142,143.6,138.6,"18.08K","0,28%"
"08/15/2022",140.6,155.8,155.8,140.4,"22.11K","-9,17%"
"08/12/2022",154.8,155.2,158.8,153.8,"16.88K","-0,90%"
"08/11/2022",156.2,158.6,158.6,154.4,"4.71K","-0,76%"
"08/10/2022",157.4,149.2,157.8,147.6,"3.98K","4,93%"
"08/09/2022",150,154.8,154.8,148.6,"2.38K","-2,47%"
"08/08/2022",153.8,153,155.6,153,"3.57K","1,18%"
"08/05/2022",152,158.4,161,152,"3.50K","-4,64%"
"08/04/2022",159.4,161.6,161.6,156,"4.58K","-0,62%"
"08/03/2022",160.4,153.2,160.4,152.2,"6.21K","5,39%"
"08/02/2022",152.2,161.2,161.2,151.8,"6.34K","-6,28%"
"08/01/2022",162.4,168.4,168.4,161.6,"5.88K","-3,91%"
"07/29/2022",169,163,172.4,163,"9.24K","4,19%"
"07/28/2022",162.2,160.8,163.6,160.8,"2.97K","0,62%"
"07/27/2022",161.2,158.4,161.6,158,"2.91K","1,77%"
"07/26/2022",158.4,159.4,161.4,156,"5.23K","-0,38%"
"07/25/2022",159,160.8,160.8,158.2,"2.99K","-0,63%"
"07/22/2022",160,160.4,161.6,158.8,"4.09K","0,38%"
"07/21/2022",159.4,155,160.8,155,"6.09K","2,05%"
"07/20/2022",156.2,153,156.4,152.8,"4.27K","2,09%"
"07/19/2022",153,149,153,147.6,"2.16K","1,73%"
"07/18/2022",150.4,149.2,152,149.2,"2.39K","0,53%"
"07/15/2022",149.6,149.4,149.8,146,"3.47K","1,36%"
"07/14/2022",147.6,147,151,145.4,"8.79K","0,82%"
"07/13/2022",146.4,146.6,146.8,143.4,"9.53K","-0,54%"
"07/12/2022",147.2,146.6,148,140.8,"13.70K","-0,14%"
"07/11/2022",147.4,147.4,148.4,143.4,"8.55K","0,00%"
"07/08/2022",147.4,145,148.2,144,"7.04K","0,68%"
"07/07/2022",146.4,144,146.6,144,"5.43K","2,52%"
"07/06/2022",142.8,138.8,143.2,138.8,"10.91K","2,88%"
"07/05/2022",138.8,140.4,143.6,135.6,"7.20K","-1,70%"
"07/04/2022",141.2,140.6,145,136.8,"13.84K","-1,12%"
"07/01/2022",142.8,147,148.2,141.8,"3.05K","-2,46%"
"06/30/2022",146.4,150.8,150.8,145.2,"4.86K","-3,17%"
"06/29/2022",151.2,158.8,158.8,150,"6.14K","-5,03%"
"06/28/2022",159.2,166,166.8,158.8,"5.65K","-3,40%"
"06/27/2022",164.8,164.4,165.6,162.6,"1.64K","1,10%"
"06/24/2022",163,161.2,163.8,160,"2.14K","1,12%"
"06/23/2022",161.2,162.2,162.2,157,"4.40K","-1,10%"
"06/22/2022",163,163.8,163.8,156.4,"5.01K","-1,21%"
"06/21/2022",165,157.8,167.2,157.6,"7.70K","4,83%"
"06/20/2022",157.4,156.8,159.4,156.2,"1.49K","-0,38%"
"06/17/2022",158,150,158.2,150,"6.11K","4,77%"
"06/16/2022",150.8,156.2,158.2,149.6,"7.50K","-3,46%"
"06/15/2022",156.2,155,156.2,153.6,"4.25K","1,83%"
"06/14/2022",153.4,159,162,153.4,"4.58K","-3,76%"
"06/13/2022",159.4,159.6,163,156.8,"5.46K","-3,39%"
"06/10/2022",165,176,176,165,"3.90K","-6,46%"
"06/09/2022",176.4,180.8,184.2,176.4,"2.95K","-3,50%"
"06/08/2022",182.8,183.4,185.6,182,"3.61K","-0,11%"
"06/07/2022",183,181,183.6,179,"6.07K","-0,65%"
"06/06/2022",184.2,181.6,185.8,181.6,"2.12K","0,66%"
"06/03/2022",183,182.2,184.6,180.6,"4.04K","1,10%"
"06/02/2022",181,180.2,182.6,179,"4.43K","0,89%"
"06/01/2022",179.4,178.2,181,173.2,"13.75K","1,24%"
"05/31/2022",177.2,182.2,182.4,177.2,"14.22K","-1,99%"
"05/30/2022",180.8,179.2,183,178.2,"5.22K","1,80%"
"05/27/2022",177.6,175.8,180.6,173.6,"4.92K","2,07%"
"05/26/2022",174,175.6,175.6,171.2,"6.31K","1,75%"
"05/25/2022",171,168,174.2,168,"3.02K","0,71%"
"05/24/2022",169.8,177.8,177.8,169,"2.36K","-1,05%"
"05/23/2022",171.6,166.2,172,166.2,"2.37K","2,51%"
"05/20/2022",167.4,165.6,170.4,165.6,"3.66K","0,84%"
"05/19/2022",166,167,167.6,161.6,"5.94K","-0,72%"
"05/18/2022",167.2,175,176,167.2,"5.14K","-4,35%"
"05/17/2022",174.8,173.6,179,173,"11.28K","0,34%"
"05/16/2022",174.2,168.2,176.4,166,"12.53K","4,19%"
"05/13/2022",167.2,159.2,167.2,159,"6.89K","4,50%"
"05/12/2022",160,155.2,161.4,154.4,"7.58K","1,52%"
"05/11/2022",157.6,158.4,159.4,153.8,"7.03K","-0,38%"
"05/10/2022",158.2,159.2,161.8,156.6,"14.49K","0,00%"
"05/09/2022",158.2,171,171.2,157.2,"8.66K","-8,02%"
"05/06/2022",172,180.4,180.4,168.4,"17.22K","-3,80%"
"05/05/2022",178.8,189,189,178.6,"4.80K","-2,30%"
"05/04/2022",183,184.8,186.4,183,"4.37K","-0,33%"
"05/03/2022",183.6,189,189,182.6,"7.55K","-0,22%"
"05/02/2022",184,185,190.4,183.4,"7.67K","-1,60%"
"04/29/2022",187,189.6,192.4,185.6,"10.38K","1,41%"
"04/28/2022",184.4,179,185.4,178.4,"7.94K","2,79%"
"04/27/2022",179.4,176.6,182,175.4,"10.32K","0,79%"
"04/26/2022",178,182,182,176.2,"11.03K","-0,22%"
"04/25/2022",178.4,177.2,178.4,173.2,"6.55K","-0,78%"
"04/22/2022",179.8,176.2,180.2,173.4,"6.96K","2,04%"
"04/21/2022",176.2,178.8,179,174.8,"5.48K","-0,34%"
"04/20/2022",176.8,172,178.6,170.4,"8.59K","4,25%"
"04/19/2022",169.6,173,173,165.6,"8.44K","-1,62%"
"04/14/2022",172.4,173,173.8,170.4,"5.65K","0,82%"
"04/13/2022",171,174.8,174.8,169,"4.34K","-1,72%"
"04/12/2022",174,170.4,176.4,168.8,"8.98K","1,05%"
"04/11/2022",172.2,178,180,172.2,"8.27K","-4,65%"
"04/08/2022",180.6,182.8,187.4,178.2,"10.79K","-0,77%"
"04/07/2022",182,181.2,183.6,179,"11.51K","0,78%"
"04/06/2022",180.6,190,190,177.6,"15.56K","-4,34%"
"04/05/2022",188.8,188.6,195.6,187.6,"11.43K","0,11%"
"04/04/2022",188.6,187,189.6,183,"15.68K","2,28%"
"04/01/2022",184.4,189,189.6,183.4,"17.02K","-0,65%"
"03/31/2022",185.6,202,203,185.6,"25.23K","-9,68%"
"03/30/2022",205.5,209.5,212,200,"10.68K","-1,91%"
"03/29/2022",209.5,221,223.5,206.5,"10.61K","-2,78%"
"03/28/2022",215.5,219.5,221.5,215,"6.44K","-1,82%"
"03/25/2022",219.5,219,225.5,217,"7.16K","0,92%"
"03/24/2022",217.5,222,225,217.5,"6.76K","-2,90%"
"03/23/2022",224,224,228.5,220,"7.47K","0,45%"
"03/22/2022",223,222,226,218.5,"12.14K","2,29%"
"03/21/2022",218,214.5,220,214,"8.24K","1,63%"
"03/18/2022",214.5,212,221.5,209.5,"116.57K","1,90%"
"03/17/2022",210.5,209,214,206,"8.61K","1,45%"
"03/16/2022",207.5,198.2,210,198.2,"14.48K","4,90%"
"03/15/2022",197.8,202,202,194.4,"6.39K","0,10%"
"03/14/2022",197.6,195.8,199.8,191.8,"3.98K","2,07%"
"03/11/2022",193.6,185.8,199.2,184.8,"9.38K","3,42%"
"03/10/2022",187.2,188,191.2,184.8,"7.87K","-0,43%"
"03/09/2022",188,188.8,188.8,182.4,"12.31K","4,79%"
"03/08/2022",179.4,186,194,178,"7.23K","-4,68%"
"03/07/2022",188.2,185,194.6,184.6,"13.84K","-2,69%"
"03/04/2022",193.4,198,201.5,193.4,"21.14K","-3,30%"
"03/03/2022",200,203.5,209.5,199.8,"7.27K","-1,96%"
"03/02/2022",204,200.5,207,198.4,"7.66K","0,74%"
"03/01/2022",202.5,201.5,205.5,199,"10.72K","0,00%"
"02/28/2022",202.5,202,205.5,197.8,"12.66K","-2,41%"
"02/25/2022",207.5,199.8,207.5,198.2,"10.62K","3,75%"
"02/24/2022",200,196,202.5,194.2,"18.91K","-2,91%"
"02/23/2022",206,204,213,204,"17.72K","0,49%"
"02/22/2022",205,190,207,187.8,"18.97K","0,99%"
"02/21/2022",203,201.5,207.5,200,"20.91K","2,22%"
"02/18/2022",198.6,195,200,195,"8.35K","0,10%"
"02/17/2022",198.4,197.2,203,197,"11.86K","-0,20%"
"02/16/2022",198.8,198.8,200.5,194.4,"11.08K","0,51%"
"02/15/2022",197.8,185.8,201,185.8,"15.72K","6,23%"
"02/14/2022",186.2,181,188.6,180,"17.69K","0,54%"
"02/11/2022",185.2,186,190.4,183,"12.35K","-1,17%"
"02/10/2022",187.4,189.8,191,184.6,"4.79K","-0,95%"
"02/09/2022",189.2,183.2,192.6,183.2,"8.90K","2,71%"
"02/08/2022",184.2,186.8,186.8,182,"6.14K","-1,50%"
"02/07/2022",187,184.6,190,182.8,"6.98K","1,19%"
"02/04/2022",184.8,184,186.4,181.6,"7.22K","0,22%"
"02/03/2022",184.4,187.8,188,182.4,"5.32K","-2,43%"
"02/02/2022",189,192,192,188,"4.71K","0,64%"
"02/01/2022",187.8,185,188.2,183.2,"4.90K","3,30%"
"01/31/2022",181.8,178.2,183.6,176.8,"10.20K","3,89%"
"01/28/2022",175,170.2,175,167,"6.54K","1,98%"
"01/27/2022",171.6,174,174.6,166.8,"8.86K","-1,94%"
"01/26/2022",175,169.2,175.8,169.2,"6.38K","4,54%"
"01/25/2022",167.4,170,172.8,164.4,"10.57K","-0,36%"
"01/24/2022",168,183,186,166,"22.59K","-9,68%"
"01/21/2022",186,189.2,190.2,184,"8.20K","-3,83%"
"01/20/2022",193.4,189.4,194,186,"7.21K","1,58%"
"01/19/2022",190.4,184,193.2,180.8,"11.06K","1,49%"
"01/18/2022",187.6,185.2,190.8,182.2,"6.45K","-1,26%"
"01/17/2022",190,191,191,184.8,"5.10K","1,06%"
"01/14/2022",188,194,194.2,187.4,"7.35K","-4,08%"
"01/13/2022",196,195,198.4,190.8,"13.64K","1,66%"
"01/12/2022",192.8,192.2,194.6,188,"4.61K","2,01%"
"01/11/2022",189,183,190.8,183,"7.89K","2,61%"
"01/10/2022",184.2,185.6,186.8,181,"12.75K","-0,32%"
"01/07/2022",184.8,184,185.8,182,"6.00K","-1,60%"
"01/06/2022",187.8,189,189,183.4,"4.79K","-2,90%"
"01/05/2022",193.4,201,201,192.4,"3.60K","-1,73%"
"01/04/2022",196.8,211,211,196.6,"4.35K","-4,47%"
"01/03/2022",206,209,211.5,203,"6.00K","-1,44%"
"12/30/2021",209,203,209,203,"3.84K","1,46%"
"12/29/2021",206,200.5,206.5,199.4,"10.58K","1,73%"
"12/28/2021",202.5,199.6,203.5,198.2,"9.55K","0,25%"
"12/27/2021",202,197,202,194,"6.33K","4,45%"
"12/23/2021",193.4,192.8,194.8,190.4,"2.82K","0,00%"
"12/22/2021",193.4,184.2,193.4,184.2,"5.09K","4,77%"
"12/21/2021",184.6,179.2,185,177,"4.96K","2,33%"
"12/20/2021",180.4,183,183,177.6,"6.21K","-2,59%"
"12/17/2021",185.2,181.4,185.6,181,"7.48K","0,43%"
"12/16/2021",184.4,183.8,187,181.8,"6.46K","2,79%"
"12/15/2021",179.4,177.2,181,177,"2.79K","1,36%"
"12/14/2021",177,189.4,189.4,176.8,"4.25K","-4,43%"
"12/13/2021",185.2,182.4,189.2,182.2,"5.97K","2,32%"
"12/10/2021",181,189,189,180.2,"3.59K","-3,42%"
"12/09/2021",187.4,186.4,189.2,184.8,"4.67K","1,52%"
"12/08/2021",184.6,188.4,188.6,183,"5.16K","-0,97%"
"12/07/2021",186.4,178.8,186.4,175.8,"7.70K","7,25%"
"12/06/2021",173.8,174.8,178.4,172.8,"8.92K","-1,70%"
"12/03/2021",176.8,181.2,183.4,175.4,"4.91K","-1,12%"
"12/02/2021",178.8,191.4,192.4,176.8,"11.97K","-6,19%"
"12/01/2021",190.6,188.6,190.8,183.8,"5.35K","1,82%"
"11/30/2021",187.2,184,190.4,184,"10.65K","-1,68%"
"11/29/2021",190.4,183.8,191.4,183.8,"11.79K","5,19%"
"11/26/2021",181,181.2,185.4,178.2,"15.73K","-4,03%"
"11/25/2021",188.6,188.2,192,187,"7.91K","0,75%"
"11/24/2021",187.2,183,187.6,181,"9.95K","2,74%"
"11/23/2021",182.2,190,190,181.4,"6.81K","-4,41%"
"11/22/2021",190.6,195.8,198,190.6,"4.14K","-1,95%"
"11/19/2021",194.4,199,199.6,191,"16.53K","-1,12%"
"11/18/2021",196.6,190.2,198.8,189.8,"13.44K","3,47%"
"11/17/2021",190,195.2,198,187.4,"10.16K","-2,26%"
"11/16/2021",194.4,190.8,199.4,189.8,"15.93K","2,75%"
"11/15/2021",189.2,214.5,214.5,186.6,"20.94K","-11,17%"
"11/12/2021",213,209.5,213,206.5,"12.04K","1,43%"
"11/11/2021",210,204.5,210,200.5,"9.58K","1,94%"
"11/10/2021",206,199.6,206.5,199.2,"9.79K","2,23%"
"11/09/2021",201.5,193,201.5,193,"6.02K","1,46%"
"11/08/2021",198.6,195.6,202,195,"8.96K","1,85%"
"11/05/2021",195,208,210,194.2,"17.27K","-7,58%"
"11/04/2021",211,207.5,212,205,"7.35K","1,93%"
"11/03/2021",207,206,208,202,"7.33K","0,73%"
"11/02/2021",205.5,204.5,207.5,201,"10.47K","-1,67%"
"11/01/2021",209,194.2,210,194.2,"16.94K","8,52%"
"10/29/2021",192.6,181.2,193.8,179.4,"12.99K","6,88%"
"10/28/2021",180.2,176,183.2,174,"17.03K","1,81%"
"10/27/2021",177,178.4,178.4,175.4,"8.15K","-0,45%"
"10/26/2021",177.8,176.4,180,175.4,"5.64K","1,14%"
"10/25/2021",175.8,179,179,175.8,"3.79K","-0,23%"
"10/22/2021",176.2,180.6,181.4,176,"9.00K","-1,45%"
"10/21/2021",178.8,173.6,179.4,171.2,"4.19K","3,95%"
"10/20/2021",172,173.8,176.8,171.2,"5.43K","-1,94%"
"10/19/2021",175.4,179.2,179.6,174,"6.68K","-1,68%"
"10/18/2021",178.4,174.8,181.2,174,"10.47K","2,88%"
"10/15/2021",173.4,164,174.2,164,"14.12K","5,73%"
"10/14/2021",164,166,166,161.4,"18.56K","0,00%"
"10/13/2021",164,163,164.4,158.4,"9.18K","1,36%"
"10/12/2021",161.8,160.2,163.8,160,"10.92K","-0,12%"
"10/11/2021",162,160.8,162,154,"25.02K","0,87%"
"10/08/2021",160.6,162.4,166.4,160.2,"24.89K","-4,63%"
"10/07/2021",168.4,169.2,172,166,"5.91K","-0,24%"
"10/06/2021",168.8,169.4,170.8,163,"5.13K","-1,17%"
"10/05/2021",170.8,165,171.4,158,"23.45K","1,07%"
"10/04/2021",169,174.6,175.8,168.6,"7.11K","-2,76%"
"10/01/2021",173.8,173.2,174.6,169.6,"4.89K","-0,80%"
"09/30/2021",175.2,174.8,180,173.2,"5.13K","-0,23%"
"09/29/2021",175.6,171.4,178,170.2,"8.74K","2,93%"
"09/28/2021",170.6,182.2,182.2,168.4,"13.41K","-6,78%"
"09/27/2021",183,188.8,188.8,181.8,"4.41K","-1,08%"
"09/24/2021",185,192,192,182.6,"4.70K","-1,60%"
"09/23/2021",188,186,188.8,184.2,"4.40K","2,40%"
"09/22/2021",183.6,194,194,183.2,"5.80K","-2,65%"
"09/21/2021",188.6,181.2,189.6,181.2,"4.63K","3,06%"
"09/20/2021",183,185.2,187,181,"11.11K","-2,97%"
"09/17/2021",188.6,191,192,186.6,"7.06K","-1,87%"
"09/16/2021",192.2,194,194,189.8,"3.39K","1,16%"
"09/15/2021",190,195,195.8,188.4,"7.14K","-1,45%"
"09/14/2021",192.8,188.8,192.8,188.2,"4.97K","2,44%"
"09/13/2021",188.2,188.4,191,188.2,"2.69K","-0,74%"
"09/10/2021",189.6,188.8,190.2,183.2,"4.55K","2,16%"
"09/09/2021",185.6,184.4,188.2,181.6,"6.48K","0,54%"
"09/08/2021",184.6,184.8,187.2,181.8,"4.50K","-0,11%"
"09/07/2021",184.8,191,191,184.8,"3.30K","-2,12%"
"09/06/2021",188.8,191,192.6,184.4,"4.98K","-0,32%"
"09/03/2021",189.4,195.8,195.8,187.6,"5.85K","-2,37%"
"09/02/2021",194,192,197.8,190,"14.34K","2,65%"
"09/01/2021",189,185.8,189,182.8,"6.71K","3,05%"
"08/31/2021",183.4,178,186.4,176.4,"14.55K","3,62%"
"08/30/2021",177,170.2,179.2,170.2,"14.82K","4,12%"
"08/27/2021",170,173.8,173.8,169.6,"2.66K","-1,73%"
"08/26/2021",173,172,173.8,169.6,"1.88K","-0,35%"
"08/25/2021",173.6,173.6,174.6,170.6,"2.13K","-0,23%"
"08/24/2021",174,171,174.8,169.2,"3.71K","2,35%"
"08/23/2021",170,167,174.2,166.4,"4.88K","1,80%"
"08/20/2021",167,165.8,167,165.8,"2.21K","1,21%"
"08/19/2021",165,163.6,166,162,"2.16K","-0,12%"
"08/18/2021",165.2,166,166.6,163.6,"3.08K","-0,48%"
"08/17/2021",166,162,167,161.6,"2.79K","2,60%"
"08/16/2021",161.8,165.4,165.4,159.6,"1.41K","-2,18%"
"08/13/2021",165.4,166,166,164.2,"1.84K","0,49%"
"08/12/2021",164.6,167,169.4,164.2,"1.94K","-1,44%"
"08/11/2021",167,169,169,162,"3.45K","2,08%"
"08/10/2021",163.6,163.8,167.6,162.8,"3.15K","1,11%"
"08/09/2021",161.8,163.8,166,161.2,"4.55K","-2,53%"
"08/06/2021",166,160,167,159.2,"6.51K","3,75%"
"08/05/2021",160,157.4,160,157.2,"2.73K","1,01%"
"08/04/2021",158.4,150.6,158.8,150.6,"3.24K","3,39%"
"08/03/2021",153.2,153.6,155,152.4,"2.15K","-1,16%"
"08/02/2021",155,155.8,157.6,150.2,"3.98K","0,00%"
"07/30/2021",155,154.8,155,151,"4.55K","0,26%"
"07/29/2021",154.6,153,156,152.6,"2.74K","1,18%"
"07/28/2021",152.8,150.2,153.4,150,"3.87K","1,06%"
"07/27/2021",151.2,153.2,154.2,150.2,"1.72K","-1,56%"
"07/26/2021",153.6,153,154.4,149,"4.24K","1,86%"
"07/23/2021",150.8,155,155,150.8,"1.96K","-2,84%"
"07/22/2021",155.2,154.6,159,154.4,"5.12K","2,11%"
"07/21/2021",152,148.8,152,148.2,"2.93K","1,74%"
"07/20/2021",149.4,143,149.6,142.2,"6.41K","4,77%"
"07/19/2021",142.6,148.6,148.6,139,"8.22K","-3,65%"
"07/16/2021",148,146.6,148.6,144.6,"4.10K","0,68%"
"07/15/2021",147,151.2,151.2,146.6,"3.00K","-1,74%"
"07/14/2021",149.6,151,153.2,148.6,"5.53K","0,81%"
"07/13/2021",148.4,144.8,149,144,"5.48K","2,49%"
"07/12/2021",144.8,140.4,144.8,138,"3.69K","4,32%"
"07/09/2021",138.8,136,140.8,129.2,"9.50K","2,06%"
"07/08/2021",136,145.8,145.8,136,"4.72K","-6,46%"
"07/07/2021",145.4,146.8,147.4,144.6,"6.70K","-0,68%"
"07/06/2021",146.4,140.2,148.2,140.2,"11.11K","3,68%"
"07/05/2021",141.2,140.4,141.2,138.2,"4.85K","0,71%"
"07/02/2021",140.2,139.8,140.2,136.4,"2.26K","1,89%"
"07/01/2021",137.6,140.6,140.6,135.8,"3.38K","-2,41%"
"06/30/2021",141,140,141,136.8,"4.62K","0,00%"
"06/29/2021",141,137,141,136.8,"2.39K","2,47%"
"06/28/2021",137.6,140,140.4,136.4,"2.51K","-1,99%"
"06/25/2021",140.4,141,141,138,"2.12K","0,00%"
"06/24/2021",140.4,139,140.8,137.6,"2.14K","2,18%"
"06/23/2021",137.4,138.2,138.6,135,"2.57K","-0,87%"
"06/22/2021",138.6,139,140.4,138.6,"3.12K","0,00%"
"06/21/2021",138.6,136.4,139,136.4,"2.94K","-0,29%"
"06/18/2021",139,137,140,137,"4.41K","2,06%"
"06/17/2021",136.2,138.8,141,135.8,"9.25K","-1,73%"
"06/16/2021",138.6,137.2,138.6,134.6,"2.88K","2,06%"
"06/15/2021",135.8,139,139,135.8,"2.52K","-1,59%"
"06/14/2021",138,137,139.4,136.2,"3.84K","0,88%"
"06/11/2021",136.8,135.4,136.8,134.8,"3.04K","1,18%"
"06/10/2021",135.2,135,136.2,133.6,"5.86K","1,81%"
"06/09/2021",132.8,129.4,133,128,"5.51K","2,31%"
"06/08/2021",129.8,129.6,131.8,129,"3.12K","-0,15%"
"06/07/2021",130,131,131.2,129.2,"2.30K","-1,96%"
"06/04/2021",132.6,128,132.6,128,"2.18K","3,43%"
"06/03/2021",128.2,132.8,132.8,128,"1.87K","-1,23%"
"06/02/2021",129.8,133.2,134.8,129.6,"2.79K","-2,84%"
"06/01/2021",133.6,131.2,135.8,130.8,"5.85K","3,09%"
"05/31/2021",129.6,130.2,131.4,129.4,"3.03K","-3,14%"
"05/28/2021",133.8,131.8,135.6,128.8,"6.11K","2,92%"
"05/27/2021",130,130.4,133,128.2,"12.37K","0,31%"
"05/26/2021",129.6,128,131.4,127.4,"6.30K","1,09%"
"05/25/2021",128.2,128,130,125.2,"4.31K","0,47%"
"05/21/2021",127.6,125,128,125,"3.18K","2,57%"
"05/20/2021",124.4,124.8,126,122,"3.07K","0,16%"
"05/19/2021",124.2,122,124.2,121,"6.14K","0,98%"
"05/18/2021",123,122.4,126.2,122.4,"9.60K","2,50%"
"05/17/2021",120,116.2,120.2,116.2,"2.81K","3,27%"
"05/14/2021",116.2,117,117,115,"3.76K","0,69%"
"05/13/2021",115.4,118.8,118.8,113,"3.58K","-1,54%"
"05/12/2021",117.2,112.2,121,112.2,"6.25K","6,35%"
"05/11/2021",110.2,112.2,112.2,107.8,"3.16K","-0,72%"
"05/10/2021",111,116,116.2,111,"2.30K","-4,31%"
"05/07/2021",116,117,117,114,"1.36K","0,87%"
"05/06/2021",115,115.2,116.8,114.6,"2.40K","-1,03%"
"05/05/2021",116.2,111.6,116.2,111.2,"3.11K","5,25%"
"05/04/2021",110.4,120.2,120.2,110.4,"6.37K","-7,69%"
"05/03/2021",119.6,122.2,122.2,119.6,"1.13K","-1,97%"
"04/30/2021",122,119.2,123.4,119.2,"3.37K","1,16%"
"04/29/2021",120.6,119.8,121,119.6,"2.65K","1,52%"
"04/28/2021",118.8,120,120,118.6,"2.15K","-0,67%"
"04/27/2021",119.6,115,119.6,115,"5.30K","3,28%"
"04/26/2021",115.8,114.4,115.8,112.8,"2.97K","1,94%"
"04/23/2021",113.6,113.2,115,113.2,"3.11K","-0,35%"
"04/22/2021",114,113.6,114.8,113.2,"3.03K","1,24%"
"04/21/2021",112.6,110.4,112.6,110.4,"2.09K","0,72%"
"04/20/2021",111.8,115.8,115.8,111.8,"4.60K","-2,27%"
"04/19/2021",114.4,113,116,112.6,"5.77K","2,14%"
"04/16/2021",112,113,114.2,111.4,"7.97K","-1,58%"
"04/15/2021",113.8,112.4,115.4,112.4,"2.89K","1,61%"
"04/14/2021",112,111.8,112.8,108.6,"5.28K","0,18%"
"04/13/2021",111.8,108.4,112,108,"5.62K","0,54%"
"04/12/2021",111.2,113.8,113.8,109.2,"5.01K","-1,42%"
"04/09/2021",112.8,113.2,114.4,112,"3.13K","-0,70%"
"04/08/2021",113.6,114.8,115.6,112,"3.73K","-1,05%"
"04/07/2021",114.8,120,120,114.4,"5.02K","-4,33%"
"04/06/2021",120,115,120.2,115,"6.45K","6,38%"
"04/01/2021",112.8,112,114.8,110.6,"6.21K","3,96%"
"03/31/2021",108.5,107.5,110,104.5,"17.64K","5,34%"
"03/30/2021",103,105.5,105.5,103,"3.13K","-1,44%"
"03/29/2021",104.5,103.5,107.5,103.5,"3.85K","0,97%"
"03/26/2021",103.5,101.5,104,101.5,"3.35K","2,48%"
"03/25/2021",101,101,104,100,"4.24K","1,00%"
"03/24/2021",100,104.5,104.5,98.2,"7.80K","-3,38%"
"03/23/2021",103.5,99,106,97.2,"10.15K","0,98%"
"03/22/2021",102.5,107.5,108,99,"12.62K","-5,96%"
"03/19/2021",109,104.5,111,102.5,"7.34K","0,46%"
"03/18/2021",108.5,108,110,108,"3.40K","-0,91%"
"03/17/2021",109.5,110.5,111.5,107,"9.01K","-1,35%"
"03/16/2021",111,112,112,110,"3.89K","0,00%"
"03/15/2021",111,111,112,109.5,"4.50K","0,00%"
"03/12/2021",111,112.5,112.5,108.5,"4.04K","-0,45%"
"03/11/2021",111.5,111,114.5,109.5,"4.56K","0,00%"
"03/10/2021",111.5,115.5,116,104.5,"9.77K","-2,62%"
"03/09/2021",114.5,114,115,113,"1.71K","1,78%"
"03/08/2021",112.5,112.5,115,112,"3.39K","-1,32%"
"03/05/2021",114,113,116,112.5,"6.88K","0,88%"
"03/04/2021",113,113.5,114,113,"2.91K","-0,44%"
"03/03/2021",113.5,118,118.5,113,"11.12K","-2,99%"
"03/02/2021",117,116.5,119,116.5,"1.90K","-0,43%"
"03/01/2021",117.5,114,117.5,114,"2.04K","3,98%"
"02/26/2021",113,114.5,117,113,"8.43K","-3,00%"
"02/25/2021",116.5,115.5,118.5,115,"2.96K","1,75%"
"02/24/2021",114.5,114,117,113.5,"2.58K","0,88%"
"02/23/2021",113.5,117,117,113,"11.36K","-2,58%"
"02/22/2021",116.5,118,118,113.5,"5.00K","-0,85%"
"02/19/2021",117.5,115,120,108.5,"12.62K","1,73%"
"02/18/2021",115.5,116,117,115.5,"1.94K","-1,28%"
"02/17/2021",117,121.5,121.5,116,"3.94K","-4,10%"
"02/16/2021",122,119.5,122.5,119.5,"2.86K","3,39%"
"02/15/2021",118,119.5,124.5,116,"5.12K","-2,07%"
"02/12/2021",120.5,116,120.5,116,"2.75K","2,12%"
"02/11/2021",118,119.5,119.5,114,"5.16K","-0,84%"
"02/10/2021",119,122,122.5,117,"3.77K","-2,06%"
"02/09/2021",121.5,127.5,127.5,120.5,"4.08K","-2,41%"
"02/08/2021",124.5,122.5,128,121.5,"9.63K","2,47%"
"02/05/2021",121.5,118.5,121.5,118.5,"2.44K","2,10%"
"02/04/2021",119,123.5,123.5,119,"3.11K","-3,25%"
"02/03/2021",123,123,124.5,121,"6.58K","1,23%"
"02/02/2021",121.5,119,123.5,118,"8.77K","4,74%"
"02/01/2021",116,117.5,119,115,"6.93K","0,43%"
"01/29/2021",115.5,115.5,117,112.5,"5.05K","0,00%"
"01/28/2021",115.5,114,116.5,110.5,"7.27K","0,43%"
"01/27/2021",115,115,117.5,109.5,"9.68K","-0,86%"
"01/26/2021",116,105,116,105,"13.86K","10,48%"
"01/25/2021",105,109,110.5,105,"11.22K","-4,55%"
"01/22/2021",110,112,112,106.5,"2.44K","-0,90%"
"01/21/2021",111,111.5,115,108,"7.15K","2,30%"
"01/20/2021",108.5,110,112,108.5,"3.18K","0,00%"
"01/19/2021",108.5,109,109.5,108,"2.99K","-0,46%"
"01/18/2021",109,104.5,109,104,"3.09K","5,83%"
"01/15/2021",103,110.5,110.5,102,"8.17K","-8,44%"
"01/14/2021",112.5,106,112.5,106,"17.88K","7,66%"
"01/13/2021",104.5,111.5,111.5,104.5,"4.98K","-5,43%"
"01/12/2021",110.5,106.5,111.5,106.5,"9.80K","3,27%"
"01/11/2021",107,107.5,107.5,104.5,"4.80K","-0,93%"
"01/08/2021",108,109,109,105.5,"8.55K","-0,92%"
"01/07/2021",109,102,111,101.5,"12.52K","6,86%"
"01/06/2021",102,99.4,103,98.8,"6.61K","2,62%"
"01/05/2021",99.4,97.8,99.4,97.8,"3.01K","1,02%"
"01/04/2021",98.4,97,101,96,"8.25K","1,44%"
"12/30/2020",97,96,97,95.4,"3.26K","0,21%"
"12/29/2020",96.8,95,96.8,95,"5.19K","1,89%"
"12/28/2020",95,96.2,97,94.4,"4.67K","-1,45%"
"12/23/2020",96.4,96,97.6,95.8,"3.45K","0,63%"
"12/22/2020",95.8,94.4,96.2,93.6,"8.91K","1,48%"
"12/21/2020",94.4,96.6,96.6,93.8,"5.06K","-2,28%"
"12/18/2020",96.6,97,97,96,"6.21K","0,21%"
"12/17/2020",96.4,95.2,97,95.2,"3.19K","0,63%"
"12/16/2020",95.8,96.8,96.8,95,"4.72K","-1,03%"
"12/15/2020",96.8,94,98.4,94,"5.88K","2,54%"
"12/14/2020",94.4,90.2,95.6,88.4,"7.27K","-0,63%"
"12/11/2020",95,98.2,99.8,93.2,"14.37K","-2,46%"
"12/10/2020",97.4,95,99,95,"9.33K","2,31%"
"12/09/2020",95.2,97,97,94,"8.57K","-3,25%"
"12/08/2020",98.4,98,99,97,"5.12K","-0,61%"
"12/07/2020",99,100,100,98.6,"14.18K","-1,00%"
"12/04/2020",100,98.2,100.5,97.8,"12.62K","1,83%"
"12/03/2020",98.2,94.8,98.6,94.6,"9.91K","4,25%"
"12/02/2020",94.2,95.2,95.2,94,"2.83K","-1,05%"
"12/01/2020",95.2,93.8,98.6,93.8,"11.73K","1,28%"
"11/30/2020",94,92,94.2,91.4,"83.68K","1,95%"
"11/27/2020",92.2,91.4,92.2,90.2,"8.41K","2,67%"
"11/26/2020",89.8,89,91,88.6,"9.60K","-2,60%"
"11/25/2020",92.2,90.2,96,89,"20.90K","2,44%"
"11/24/2020",90,93.6,94,88.8,"11.02K","-2,60%"
"11/23/2020",92.4,90.4,93.4,90.4,"11.65K","3,59%"
"11/20/2020",89.2,88.6,90,88.2,"10.53K","1,13%"
"11/19/2020",88.2,86,89.8,85.4,"11.24K","4,01%"
"11/18/2020",84.8,83,85.8,82.4,"8.98K","2,17%"
"11/17/2020",83,81,84,80.6,"11.27K","5,06%"
"11/16/2020",79,80.4,83.4,78.4,"12.17K","-2,23%"
"11/13/2020",80.8,76,82.4,75.8,"16.51K","8,02%"
"11/12/2020",74.8,74.6,75.6,73.8,"5.48K","-0,27%"
"11/11/2020",75,74,75.2,74,"5.93K","1,90%"
"11/10/2020",73.6,75.8,76.2,73.2,"11.81K","-2,90%"
"11/09/2020",75.8,79,82.4,73.4,"15.51K","-1,04%"
"11/06/2020",76.6,75.8,76.6,75.4,"8.45K","1,32%"
"11/05/2020",75.6,74.4,76.4,74.2,"4.95K","2,72%"
"11/04/2020",73.6,71,74,70,"7.17K","2,22%"
"11/03/2020",72,67.4,72,67.2,"30.27K","12,50%"
"11/02/2020",64,63.8,64.6,63,"2.23K","0,00%"
"10/30/2020",64,63.8,64.8,63.2,"3.08K","-1,23%"
"10/29/2020",64.8,63,65,63,"3.85K","3,18%"
"10/28/2020",62.8,64,64.6,61.6,"5.93K","-3,38%"
"10/27/2020",65,65,65.6,61.8,"26.46K","0,93%"
"10/26/2020",64.4,68.6,68.6,63.2,"14.82K","-6,67%"
"10/23/2020",69,69.4,70.6,69,"1.03K","-0,58%"
"10/22/2020",69.4,70.8,71.2,69.4,"3.50K","-2,25%"
"10/21/2020",71,72,73,70.8,"3.09K","-2,20%"
"10/20/2020",72.6,72.6,73,71.2,"3.39K","0,28%"
"10/19/2020",72.4,73,73,71.6,"11.53K","0,28%"
"10/16/2020",72.2,71.8,72.2,70.6,"2.11K","0,56%"
"10/15/2020",71.8,69.6,71.8,68.8,"3.24K","1,70%"
"10/14/2020",70.6,72.2,72.6,69.8,"1.94K","-2,22%"
"10/13/2020",72.2,71.8,72.2,71,"1.85K","0,56%"
"10/12/2020",71.8,73,73,71.4,"5.81K","-1,64%"
"10/09/2020",73,72.6,73,70,"6.65K","0,55%"
"10/08/2020",72.6,72.6,73,71.6,"2.50K","-1,36%"
"10/07/2020",73.6,72.6,73.6,72.6,"1.79K","0,82%"
"10/06/2020",73,73.6,73.6,71.8,"1.20K","0,00%"
"10/05/2020",73,71,73.2,70.8,"2.89K","3,69%"
"10/02/2020",70.4,73.4,74,70.2,"2.85K","-5,12%"
"10/01/2020",74.2,73.8,74.2,72,"3.16K","1,64%"
"09/30/2020",73,73.6,74.2,72,"5.27K","0,00%"
"09/29/2020",73,74.4,74.4,72.4,"1.64K","-1,08%"
"09/28/2020",73.8,71.8,74,71.2,"4.15K","6,34%"
"09/25/2020",69.4,72.8,73.2,67.2,"5.81K","-5,71%"
"09/24/2020",73.6,73,73.6,71.4,"3.10K","0,27%"
"09/23/2020",73.4,72.4,74.8,72,"6.78K","1,38%"
"09/22/2020",72.4,73.8,73.8,71.8,"2.05K","-2,16%"
"09/21/2020",74,75,75,70.6,"10.38K","-0,27%"
"09/18/2020",74.2,73.6,76,73.6,"1.87K","0,27%"
"09/17/2020",74,75.4,75.6,73.8,"2.28K","-3,14%"
"09/16/2020",76.4,75,76.4,75,"1.52K","1,60%"
"09/15/2020",75.2,76,76,75,"0.97K","0,27%"
"09/14/2020",75,75.4,76.6,75,"3.37K","-0,27%"
"09/11/2020",75.2,74,75.2,72.8,"2.37K","1,62%"
"09/10/2020",74,73.6,74.6,73.6,"1.14K","0,54%"
"09/09/2020",73.6,70.6,73.6,70.4,"3.26K","3,66%"
"09/08/2020",71,73.4,73.4,71,"1.72K","-2,74%"
"09/07/2020",73,72.8,73.6,72.6,"0.94K","1,67%"
"09/04/2020",71.8,70.6,73.2,68.4,"8.40K","-2,45%"
"09/03/2020",73.6,75.2,76.8,73.2,"6.77K","-1,87%"
"09/02/2020",75,70,75,69.6,"8.99K","6,53%"
"09/01/2020",70.4,73.2,73.4,70.4,"6.69K","-4,35%"
"08/31/2020",73.6,69.4,74.2,69.2,"14.69K","6,98%"
"08/28/2020",68.8,69.6,69.8,68.8,"4.41K","-1,15%"
"08/27/2020",69.6,69.6,70,69.2,"4.06K","0,58%"
"08/26/2020",69.2,67.4,69.4,67.4,"7.54K","2,06%"
"08/25/2020",67.8,67,68,66.8,"2.06K","2,42%"
"08/24/2020",66.2,66,67.8,65.8,"3.91K","0,91%"
"08/21/2020",65.6,66.4,66.8,65,"2.42K","-0,61%"
"08/20/2020",66,66.2,66.6,65.4,"3.06K","-0,90%"
"08/19/2020",66.6,68.4,69.6,65,"7.69K","-2,63%"
"08/18/2020",68.4,68.4,69.6,67,"9.56K","0,29%"
"08/17/2020",68.2,65,68.4,65,"7.33K","5,25%"
"08/14/2020",64.8,64.2,66.6,64,"9.58K","3,85%"
"08/13/2020",62.4,62.8,63,62,"2.83K","-0,64%"
"08/12/2020",62.8,62.6,62.8,61.8,"2.37K","0,32%"
"08/11/2020",62.6,62.2,62.6,61,"6.44K","1,62%"
"08/10/2020",61.6,61,62.4,61,"9.71K","1,32%"
"08/07/2020",60.8,60,61.4,60,"2.51K","2,36%"
"08/06/2020",59.4,60,61.2,58.8,"5.95K","0,34%"
"08/05/2020",59.2,58.8,59.4,58.6,"3.76K","0,68%"
"08/04/2020",58.8,58.8,59.2,58.2,"4.01K","0,00%"
"08/03/2020",58.8,57.4,58.8,56.8,"1.96K","3,52%"
"07/31/2020",56.8,55.4,57,55.4,"2.83K","2,16%"
"07/30/2020",55.6,57.4,58,55.6,"4.49K","-4,14%"
"07/29/2020",58,57.2,58,57.2,"1.96K","2,11%"
"07/28/2020",56.8,55.6,57,55.6,"0.86K","1,79%"
"07/27/2020",55.8,57.2,57.8,55.6,"4.27K","-2,11%"
"07/24/2020",57,59,60,57,"10.40K","-1,72%"
"07/23/2020",58,57,58.2,57,"1.79K","0,69%"
"07/22/2020",57.6,57.2,58.4,57,"2.36K","0,00%"
"07/21/2020",57.6,58,58.6,56,"2.09K","-0,69%"
"07/20/2020",58,55.8,58.6,55.8,"8.16K","4,32%"
"07/17/2020",55.6,55.8,57,55.4,"3.94K","-0,71%"
"07/16/2020",56,56.6,56.8,55.4,"0.94K","0,00%"
"07/15/2020",56,57.2,57.2,55.8,"2.26K","0,00%"
"07/14/2020",56,56.8,57.4,56,"1.95K","-2,44%"
"07/13/2020",57.4,57,57.6,57,"0.23K","0,70%"
"07/10/2020",57,57.6,57.6,56.8,"0.60K","-0,70%"
"07/09/2020",57.4,58.6,59,57.4,"3.08K","-1,37%"
"07/08/2020",58.2,58,58.2,57.2,"2.12K","1,39%"
"07/07/2020",57.4,60.4,60.4,56.6,"4.83K","-3,04%"
"07/06/2020",59.2,57,59.4,55.4,"3.99K","4,23%"
"07/03/2020",56.8,56.4,57,56.2,"0.75K","-0,35%"
"07/02/2020",57,55.6,57,55.4,"2.27K","1,79%"
"07/01/2020",56,56.8,56.8,55.6,"2.40K","1,82%"
"06/30/2020",55,55,55,54.4,"2.71K","0,36%"
"06/29/2020",54.8,54.4,55.2,54.4,"1.84K","0,00%"
"06/26/2020",54.8,56.4,56.4,54.2,"4.77K","-2,84%"
"06/25/2020",56.4,57,57,56,"0.17K","-0,35%"
"06/24/2020",56.6,57,57.4,56.6,"1.64K","-0,70%"
"06/23/2020",57,56,58,55.8,"2.61K","2,15%"
"06/22/2020",55.8,57.2,57.8,54.4,"4.18K","-3,12%"
"06/19/2020",57.6,57.8,58,56.4,"2.30K","0,70%"
"06/18/2020",57.2,57,58.4,57,"0.79K","0,00%"
"06/17/2020",57.2,55.8,57.2,55.2,"0.56K","2,14%"
"06/16/2020",56,56.4,57,55.8,"3.31K","0,72%"
"06/15/2020",55.6,54.8,55.8,54.2,"3.13K","-1,42%"
"06/12/2020",56.4,54.6,57.4,54.2,"4.32K","2,17%"
"06/11/2020",55.2,54.8,56.6,54.2,"2.10K","-0,72%"
"06/10/2020",55.6,56.6,57.2,55.6,"1.64K","1,09%"
"06/09/2020",55,56.8,59,54.2,"8.70K","-0,72%"
"06/08/2020",55.4,58.6,58.8,55.4,"2.74K","-7,67%"
"06/05/2020",60,59.8,60,58.8,"1.90K","1,35%"
"06/04/2020",59.2,58,59.4,57.4,"1.82K","2,07%"
"06/03/2020",58,59.6,60,58,"1.41K","-3,33%"
"06/02/2020",60,55.8,60,55.8,"4.93K","9,09%"
"05/29/2020",55,59.8,59.8,55,"8.14K","-8,33%"
"05/28/2020",60,59,60.2,58.8,"2.27K","2,74%"
"05/27/2020",58.4,59.4,61.8,58.4,"3.94K","-0,68%"
"05/26/2020",58.8,59.8,61.8,58.8,"12.99K","1,03%"
"05/25/2020",58.2,57.8,59.4,57.6,"1.35K","0,69%"
"05/22/2020",57.8,58.4,58.4,57.2,"4.69K","1,40%"
"05/21/2020",57,56.4,58.2,56.4,"2.56K","1,42%"
"05/20/2020",56.2,56,57.2,55.6,"11.28K","1,08%"
"05/19/2020",55.6,55.6,55.8,55.2,"0.91K","1,46%"
"05/18/2020",54.8,55,55.6,54.2,"4.79K","0,00%"
"05/15/2020",54.8,53,54.8,52.4,"6.91K","5,38%"
"05/14/2020",52,52.6,53.2,51.8,"3.48K","-1,14%"
"05/13/2020",52.6,53.6,55.2,52.2,"5.17K","-0,75%"
"05/12/2020",53,51.2,54.4,51.2,"5.36K","3,11%"
"05/11/2020",51.4,51.2,51.6,50.8,"3.00K","0,78%"
"05/08/2020",51,49.7,51.8,49.6,"3.62K","1,59%"
"05/07/2020",50.2,49.5,51,49.2,"2.88K","1,83%"
"05/06/2020",49.3,49.8,49.8,49.2,"1.61K","-1,00%"
"05/05/2020",49.8,48.3,50.4,48.3,"3.13K","3,53%"
"05/04/2020",48.1,49.5,49.5,47.2,"2.56K","-1,43%"
"04/30/2020",48.8,51,51,48.8,"2.29K","-3,94%"
"04/29/2020",50.8,49,50.8,48.9,"2.62K","4,74%"
"04/28/2020",48.5,47.4,49.5,47.4,"2.93K","2,54%"
"04/27/2020",47.3,47,47.8,46.8,"1.83K","0,42%"
"04/24/2020",47.1,46.6,47.2,46.2,"0.72K","1,07%"
"04/23/2020",46.6,47,47.6,46.2,"0.97K","-0,43%"
"04/22/2020",46.8,47,47.1,45.6,"5.39K","1,30%"
"04/21/2020",46.2,47.9,47.9,46.2,"2.14K","-2,74%"
"04/20/2020",47.5,47,47.5,46,"5.72K","2,59%"
"04/17/2020",46.3,47.5,48.3,46.3,"1.24K","0,43%"
"04/16/2020",46.1,45.1,46.6,45.1,"2.10K","0,88%"
"04/15/2020",45.7,47,47,45.2,"4.87K","-1,93%"
"04/14/2020",46.6,47.4,47.6,45.4,"6.80K","3,79%"
"04/09/2020",44.9,43.9,46.5,43.8,"10.74K","3,46%"
"04/08/2020",43.4,43.2,43.9,42.9,"6.13K","-0,46%"
"04/07/2020",43.6,43.8,44.9,43.2,"7.88K","0,23%"
"04/06/2020",43.5,42.2,45,42.1,"10.19K","3,57%"
"04/03/2020",42,42.5,42.5,41.4,"3.64K","-0,71%"
"04/02/2020",42.3,42,42.5,41.4,"5.07K","0,71%"
"04/01/2020",42,42.8,44,41,"8.53K","-1,98%"
"03/31/2020",42.85,44.05,45.2,42,"7.78K","3,88%"
"03/30/2020",41.25,41,41.5,38.5,"7.13K","2,36%"
"03/27/2020",40.3,43.6,44.3,39,"6.45K","-11,33%"
"03/26/2020",45.45,37,45.5,36,"8.63K","21,20%"
"03/25/2020",37.5,38,42.95,37.05,"16.60K","0,00%"
"03/24/2020",37.5,37,38,36.05,"10.78K","5,63%"
"03/23/2020",35.5,36.95,37.55,35.45,"7.23K","-3,01%"
"03/20/2020",36.6,38.5,38.85,36.1,"3.69K","0,97%"
"03/19/2020",36.25,37,37.65,33.05,"7.83K","2,98%"
"03/18/2020",35.2,34,37,33.1,"8.07K","-0,85%"
"03/17/2020",35.5,38,38,33.15,"4.21K","-3,40%"
"03/16/2020",36.75,38.5,38.5,33.1,"10.54K","-7,08%"
"03/13/2020",39.55,39.2,44.15,38.2,"17.84K","3,67%"
"03/12/2020",38.15,44.2,44.25,38.15,"10.91K","-14,27%"
"03/11/2020",44.5,48,48.6,44.3,"11.34K","-6,32%"
"03/10/2020",47.5,50.9,51.5,45.5,"10.42K","-2,86%"
"03/09/2020",48.9,52.7,52.7,48.85,"12.23K","-9,61%"
"03/06/2020",54.1,55.8,56,54.1,"4.35K","-3,57%"
"03/05/2020",56.1,56.7,56.7,55.2,"4.99K","0,18%"
"03/04/2020",56,57.6,57.6,56,"2.72K","-1,75%"
"03/03/2020",57,57.1,59.9,56.9,"5.77K","0,18%"
"03/02/2020",56.9,55,58.4,55,"6.38K","1,61%"
"02/28/2020",56,54,59,52.4,"15.72K","-1,41%"
"02/27/2020",56.8,59,59.1,56.1,"10.24K","-6,89%"
"02/26/2020",61,58.9,62,53.3,"21.53K","3,92%"
"02/25/2020",58.7,59.8,60.4,58.7,"3.38K","-1,51%"
"02/24/2020",59.6,62.3,62.4,58.4,"12.13K","-4,33%"
"02/21/2020",62.3,62.5,62.5,61.8,"4.18K","-0,32%"
"02/20/2020",62.5,61.9,62.5,61.5,"3.84K","0,97%"
"02/19/2020",61.9,61.1,62.1,60.8,"11.78K","2,15%"
"02/18/2020",60.6,59.7,61.1,59.7,"11.68K","3,41%"
"02/17/2020",58.6,58.9,58.9,58.3,"0.64K","0,17%"
"02/14/2020",58.5,58.9,59,58.4,"0.64K","0,69%"
"02/13/2020",58.1,56.9,58.8,56.9,"3.16K","-1,02%"
"02/12/2020",58.7,58.2,58.9,58,"4.47K","1,21%"
"02/11/2020",58,57.7,58,56.8,"4.81K","2,11%"
"02/10/2020",56.8,57.9,58,56.8,"4.63K","-1,39%"
"02/07/2020",57.6,58.4,58.4,57.2,"0.54K","-0,69%"
"02/06/2020",58,59.9,59.9,57.9,"3.73K","-2,52%"
"02/05/2020",59.5,57.6,59.5,57.6,"1.72K","3,30%"
"02/04/2020",57.6,57.9,59.1,57.6,"4.69K","0,88%"
"02/03/2020",57.1,58.3,58.3,56.4,"3.75K","-0,17%"
"01/31/2020",57.2,59.8,59.8,57,"6.46K","-3,54%"
"01/30/2020",59.3,59,59.4,58.5,"1.05K","0,51%"
"01/29/2020",59,58.3,59.3,58.3,"1.93K","1,37%"
"01/28/2020",58.2,58.6,58.9,58.2,"1.46K","-1,36%"
"01/27/2020",59,59.1,59.1,58,"3.76K","-0,51%"
"01/24/2020",59.3,59.8,59.8,59,"4.85K","-0,67%"
"01/23/2020",59.7,59.7,59.7,59.2,"1.12K","0,84%"
"01/22/2020",59.2,60,60.2,59.1,"3.41K","0,00%"
"01/21/2020",59.2,59.9,59.9,59.2,"1.42K","-0,17%"
"01/20/2020",59.3,59.5,59.9,59.2,"1.45K","-0,34%"
"01/17/2020",59.5,58.6,59.8,58.6,"2.45K","0,34%"
"01/16/2020",59.3,59.2,60.1,59.1,"1.78K","0,85%"
"01/15/2020",58.8,61,61,58.1,"5.80K","-3,29%"
"01/14/2020",60.8,61.2,61.2,60.1,"1.48K","-0,98%"
"01/13/2020",61.4,62,62,61.1,"1.67K","-1,29%"
"01/10/2020",62.2,59.7,62.8,59.7,"12.50K","6,87%"
"01/09/2020",58.2,57.3,59.5,57,"12.99K","3,93%"
"01/08/2020",56,55.2,56,55,"6.11K","1,63%"
"01/07/2020",55.1,52.7,55.1,52.7,"5.23K","4,95%"
"01/06/2020",52.5,53.9,53.9,52.5,"1.73K","-2,78%"
"01/03/2020",54,53.9,54,53.2,"3.80K","0,19%"
"01/02/2020",53.9,53,53.9,53,"1.91K","0,75%"
"12/30/2019",53.5,53.4,54,53,"4.29K","0,38%"
"12/27/2019",53.3,52.9,53.6,52.9,"2.95K","0,00%"
"12/23/2019",53.3,53.5,54,53.1,"2.26K","-1,30%"
"12/20/2019",54,54.5,54.5,53.6,"0.64K","-1,10%"
"12/19/2019",54.6,54.5,55,53.6,"3.00K","0,00%"
"12/18/2019",54.6,54.9,55,53.9,"3.68K","-0,73%"
"12/17/2019",55,53.8,55,53.5,"7.58K","2,23%"
"12/16/2019",53.8,52.1,54.2,52.1,"11.44K","3,86%"
"12/13/2019",51.8,50.5,51.8,50,"5.68K","3,70%"
"12/12/2019",49.95,50,50.4,49.95,"0.48K","0,40%"
"12/11/2019",49.75,49.95,50.5,49.65,"6.05K","0,00%"
"12/10/2019",49.75,50.1,50.1,49.6,"0.77K","-0,70%"
"12/09/2019",50.1,50,50.3,49.8,"0.68K","0,40%"
"12/06/2019",49.9,49.85,50.5,49.8,"3.72K","-0,20%"
"12/05/2019",50,50.3,50.5,49.85,"3.95K","-0,99%"
"12/04/2019",50.5,50.4,50.7,50.4,"14.17K","-0,20%"
"12/03/2019",50.6,49.45,50.6,49.45,"1.97K","0,80%"
"12/02/2019",50.2,49.95,50.5,49.75,"2.46K","1,93%"
"11/29/2019",49.25,50,50.4,49.1,"5.90K","-2,09%"
"11/28/2019",50.3,50,50.4,49.8,"1.19K","0,70%"
"11/27/2019",49.95,49.95,50.6,49.75,"1.70K","-0,30%"
"11/26/2019",50.1,50.2,50.6,49.55,"2.06K","0,00%"
"11/25/2019",50.1,50.5,50.6,49.15,"1.21K","0,40%"
"11/22/2019",49.9,50,50.4,49.9,"0.32K","-1,96%"
"11/21/2019",50.9,50.7,51.5,50.5,"1.86K","1,80%"
"11/20/2019",50,49.75,50.6,49.7,"6.71K","1,42%"
"11/19/2019",49.3,50.3,50.8,49,"3.69K","-2,76%"
"11/18/2019",50.7,51.7,51.7,50.3,"1.93K","1,00%"
"11/15/2019",50.2,51,51,50,"1.16K","-0,99%"
"11/14/2019",50.7,50.2,50.8,49.5,"1.46K","1,40%"
"11/13/2019",50,47.6,50.1,47.6,"16.12K","5,04%"
"11/12/2019",47.6,48,48.1,47.55,"2.55K","0,63%"
"11/11/2019",47.3,48.8,48.8,47.25,"4.36K","-2,67%"
"11/08/2019",48.6,48.9,49,48.6,"0.35K","-0,41%"
"11/07/2019",48.8,47.65,48.8,47.1,"1.25K","2,95%"
"11/06/2019",47.4,47.8,47.8,46.8,"1.15K","-0,63%"
"11/05/2019",47.7,47.8,47.8,47.4,"2.87K","-0,10%"
"11/04/2019",47.75,47.25,47.8,47.25,"1.92K","1,49%"
"11/01/2019",47.05,46.9,47.6,46.85,"0.42K","-0,42%"
"10/31/2019",47.25,48.5,48.5,46.85,"2.10K","-2,07%"
"10/30/2019",48.25,48.75,48.75,48.2,"1.24K","-1,03%"
"10/29/2019",48.75,48.9,49,48.7,"0.69K","-0,71%"
"10/28/2019",49.1,49.1,49.45,48.9,"1.38K","-0,41%"
"10/25/2019",49.3,50.4,50.4,49.3,"0.80K","-0,50%"
"10/24/2019",49.55,49.95,49.95,49.15,"0.17K","0,71%"
"10/23/2019",49.2,49.4,49.6,49.2,"2.37K","-0,30%"
"10/22/2019",49.35,49.35,50.1,49.2,"0.50K","-0,50%"
"10/21/2019",49.6,50,50.2,49.2,"3.89K","-1,59%"
"10/18/2019",50.4,50.7,50.7,50.1,"0.53K","0,40%"
"10/17/2019",50.2,51.9,52.1,50,"1.65K","-3,28%"
"10/16/2019",51.9,50.3,53,50.2,"3.61K","3,59%"
"10/15/2019",50.1,50.3,50.3,50,"3.37K","-0,60%"
"10/14/2019",50.4,51,51,50,"0.24K","0,00%"
"10/11/2019",50.4,50.1,52,50,"3.08K","0,80%"
"10/10/2019",50,49,50,48.95,"0.95K","3,31%"
"10/09/2019",48.4,48.2,49.1,48.1,"1.19K","0,62%"
"10/08/2019",48.1,49.05,49.45,47.9,"4.17K","-3,32%"
"10/07/2019",49.75,50.9,51,49.75,"1.87K","-2,26%"
"10/04/2019",50.9,50.5,50.9,49.85,"3.65K","0,79%"
"10/02/2019",50.5,50.4,51,50.1,"1.53K","1,41%"
"10/01/2019",49.8,51.1,51.8,49.7,"3.35K","-1,97%"
"09/30/2019",50.8,50,51,50,"2.76K","1,91%"
"09/27/2019",49.85,50.1,50.2,49.85,"0.79K","0,50%"
"09/26/2019",49.6,49.5,50.1,49.5,"0.42K","0,00%"
"09/25/2019",49.6,49.45,50.1,49.45,"0.16K","0,20%"
"09/24/2019",49.5,50.1,50.3,49.5,"5.83K","-1,59%"
"09/23/2019",50.3,50.4,50.8,50.2,"1.28K","-0,40%"
"09/20/2019",50.5,49.8,50.6,49.65,"3.61K","1,81%"
"09/19/2019",49.6,49.4,50,49.4,"3.12K","0,40%"
"09/18/2019",49.4,49.15,49.75,48.7,"6.43K","1,54%"
"09/17/2019",48.65,49.3,49.3,48.55,"1.86K","-1,32%"
"09/16/2019",49.3,49.75,49.75,49.3,"1.25K","-0,90%"
"09/13/2019",49.75,50.1,50.1,49.5,"0.38K","0,51%"
"09/12/2019",49.5,50.3,50.3,49.4,"1.48K","-1,00%"
"09/11/2019",50,50.3,50.3,47.8,"3.85K","0,00%"
"09/10/2019",50,49.35,50,48.5,"2.13K","2,77%"
"09/09/2019",48.65,48.4,49.35,48.05,"3.23K","1,78%"
"09/06/2019",47.8,48.5,48.5,47.8,"2.83K","-1,44%"
"09/05/2019",48.5,48.9,49.4,48.5,"1.65K","-0,72%"
"09/04/2019",48.85,48.4,49.15,48.4,"4.24K","0,62%"
"09/03/2019",48.55,49.9,49.9,48.15,"1.51K","-2,02%"
"09/02/2019",49.55,51,51,49.2,"2.48K","-2,65%"
"08/30/2019",50.9,48.55,50.9,47,"4.54K","3,88%"
"08/29/2019",49,48.1,49,47.6,"9.07K","2,30%"
"08/28/2019",47.9,47.3,48.1,46.95,"2.66K","2,46%"
"08/27/2019",46.75,46.5,46.8,46.1,"1.60K","1,63%"
"08/26/2019",46,46.05,46.45,45.8,"0.50K","-0,11%"
"08/23/2019",46.05,47.2,47.2,45.7,"1.18K","-1,81%"
"08/22/2019",46.9,47.5,47.55,46.8,"0.73K","-1,26%"
"08/21/2019",47.5,47.05,47.6,47.05,"0.49K","0,42%"
"08/20/2019",47.3,47.25,47.3,47,"1.86K","0,21%"
"08/19/2019",47.2,45.75,47.6,45.75,"2.33K","1,51%"
"08/16/2019",46.5,45.35,47.4,45.2,"2.14K","1,09%"
"08/15/2019",46,47.65,47.65,46,"1.91K","-3,46%"
"08/14/2019",47.65,48.8,48.8,47.65,"2.78K","-2,26%"
"08/13/2019",48.75,49,49.8,47.8,"2.60K","-0,31%"
"08/12/2019",48.9,48.8,49.3,48,"2.49K","1,03%"
"08/09/2019",48.4,46.7,48.55,46.7,"2.16K","2,33%"
"08/08/2019",47.3,48.7,48.7,47,"2.62K","-2,87%"
"08/07/2019",48.7,47.8,49.7,47.8,"0.57K","1,88%"
"08/06/2019",47.8,47.8,48,47.8,"0.56K","0,00%"
"08/05/2019",47.8,47.25,48.55,47.25,"1.20K","-0,31%"
"08/02/2019",47.95,48.05,48.2,47.4,"2.38K","-0,62%"
"08/01/2019",48.25,48.2,48.75,48.2,"0.36K","0,31%"
"07/31/2019",48.1,48.4,48.4,48.1,"0.03K","0,00%"
"07/30/2019",48.1,47.9,48.4,47.9,"0.16K","0,42%"
"07/29/2019",47.9,48.75,48.75,47.75,"1.35K","-0,93%"
"07/26/2019",48.35,49,49.3,48.35,"0.47K","-1,73%"
"07/25/2019",49.2,48.05,49.2,46.95,"4.65K","2,50%"
"07/24/2019",48,48.2,48.2,48,"1.74K","0,00%"
"07/23/2019",48,48.6,48.6,47.95,"0.53K","-0,41%"
"07/22/2019",48.2,47.9,48.7,47.8,"3.11K","-1,03%"
"07/19/2019",48.7,49.85,49.85,48.1,"3.07K","-0,71%"
"07/18/2019",49.05,49.05,49.5,49,"1.03K","-0,91%"
"07/17/2019",49.5,49.5,49.7,49.5,"0.54K","0,10%"
"07/16/2019",49.45,50.3,50.3,48.95,"8.79K","-1,49%"
"07/15/2019",50.2,50.7,50.7,49.4,"7.70K","-0,20%"
"07/12/2019",50.3,49.95,50.5,48.9,"6.11K","-0,40%"
"07/11/2019",50.5,50.6,51.5,49.7,"7.88K","-0,59%"
"07/10/2019",50.8,50.8,51.8,49.7,"4.48K","0,59%"
"07/09/2019",50.5,51.4,51.4,49.35,"4.21K","-0,39%"
"07/08/2019",50.7,52.1,52.1,50.4,"1.75K","-2,12%"
"07/05/2019",51.8,51.4,52,51.1,"3.56K","0,97%"
"07/04/2019",51.3,51.5,51.5,50.7,"3.05K","0,39%"
"07/03/2019",51.1,52.1,52.5,50.8,"5.69K","-0,97%"
"07/02/2019",51.6,52,52,51.5,"0.49K","-0,58%"
"07/01/2019",51.9,51.9,52.1,51.3,"0.76K","1,17%"
"06/28/2019",51.3,52.1,52.1,51.3,"2.69K","-1,54%"
"06/27/2019",52.1,52.2,52.3,52,"4.77K","-0,76%"
"06/26/2019",52.5,52.9,53.5,52.2,"2.22K","0,57%"
"06/25/2019",52.2,53.1,53.2,52.2,"0.99K","-1,32%"
"06/24/2019",52.9,53.5,53.8,52.5,"1.33K","0,76%"
"06/21/2019",52.5,52.3,53,52.1,"1.30K","1,55%"
"06/20/2019",51.7,51.4,52.3,51.1,"3.45K","2,38%"
"06/19/2019",50.5,50.5,50.9,50.1,"0.82K","0,20%"
"06/18/2019",50.4,50.4,52.6,49.9,"3.05K","-0,59%"
"06/17/2019",50.7,50.8,51.6,50.1,"2.23K","0,20%"
"06/14/2019",50.6,52,52,50.5,"2.45K","-3,44%"
"06/13/2019",52.4,51.3,52.4,51.1,"1.78K","3,76%"
"06/12/2019",50.5,50.6,51,50.5,"0.91K","-0,98%"
"06/11/2019",51,52,52,49.75,"2.38K","-2,30%"
"06/07/2019",52.2,50,52.5,50,"2.12K","4,40%"
"06/06/2019",50,49.9,50.3,49.55,"1.06K","0,60%"
"06/05/2019",49.7,50,50,49.7,"0.39K","0,00%"
"06/04/2019",49.7,49.75,50.3,49.7,"0.73K","0,00%"
"06/03/2019",49.7,50,50,49.7,"0.28K","0,10%"
"05/31/2019",49.65,51.2,51.3,49.65,"1.29K","-1,49%"
"05/30/2019",50.4,50.6,50.8,50.4,"0.11K","-1,18%"
"05/29/2019",51,51,53,49.65,"3.18K","0,20%"
"05/28/2019",50.9,49.65,51.2,49.65,"0.64K","2,52%"
"05/27/2019",49.65,49.55,50.2,49.55,"0.34K","-1,10%"
"05/24/2019",50.2,50.9,50.9,49.95,"1.09K","0,60%"
"05/23/2019",49.9,50,51.1,49.75,"1.16K","0,20%"
"05/22/2019",49.8,49.3,49.95,49.3,"0.34K","1,01%"
"05/21/2019",49.3,48.35,50,48.35,"0.14K","-0,10%"
"05/20/2019",49.35,49,49.9,48.3,"5.82K","1,23%"
"05/17/2019",48.75,48.95,49.8,48.75,"3.68K","0,21%"
"05/16/2019",48.65,49,49.15,48.55,"4.90K","-2,31%"
"05/15/2019",49.8,49,49.8,48.6,"2.45K","1,63%"
"05/14/2019",49,48.9,49,48.9,"0.81K","0,41%"
"05/13/2019",48.8,49.65,49.65,48.2,"2.63K","-0,91%"
"05/10/2019",49.25,48.75,49.85,48.75,"1.51K","2,28%"
"05/09/2019",48.15,51,51,48.15,"2.50K","-4,46%"
"05/08/2019",50.4,50.2,50.5,49.6,"0.80K","0,80%"
"05/07/2019",50,50.8,50.8,50,"2.64K","-0,79%"
"05/06/2019",50.4,51,51,50,"3.53K","-2,70%"
"05/03/2019",51.8,51.5,52,51.5,"0.36K","0,39%"
"05/02/2019",51.6,52.7,52.7,51.6,"1.92K","-2,82%"
"04/30/2019",53.1,51.6,53.1,51.6,"4.54K","2,12%"
"04/29/2019",52,53.2,53.5,51.9,"2.73K","-2,26%"
"04/26/2019",53.2,53,53.5,53,"2.06K","0,38%"
"04/25/2019",53,52.9,53.4,52.9,"0.78K","0,00%"
"04/24/2019",53,52.4,53.4,52.4,"1.92K","-0,19%"
"04/23/2019",53.1,52.7,53.1,52.2,"1.26K","0,95%"
"04/18/2019",52.6,53,53,52.5,"0.60K","-1,50%"
"04/17/2019",53.4,53.4,54,52.8,"8.66K","0,00%"
"04/16/2019",53.4,53.4,53.7,53.1,"7.80K","-0,19%"
"04/15/2019",53.5,53.5,53.5,52.8,"0.30K","1,13%"
"04/12/2019",52.9,52.3,53.5,52.1,"8.67K","0,00%"
"04/11/2019",52.9,51.9,52.9,51.7,"0.86K","3,12%"
"04/10/2019",51.3,51.9,52.5,51.2,"1.11K","0,20%"
"04/09/2019",51.2,52.3,52.3,51.1,"2.12K","-2,85%"
"04/08/2019",52.7,52.7,53.3,51.6,"3.69K","-1,13%"
"04/05/2019",53.3,52.8,53.3,52.2,"0.95K","1,52%"
"04/04/2019",52.5,52.8,53.6,52.3,"11.37K","-1,50%"
"04/03/2019",53.3,52.5,53.3,51.9,"1.99K","1,52%"
"04/02/2019",52.5,51.5,52.6,51.3,"0.99K","1,94%"
"04/01/2019",51.5,54,54,48.65,"9.36K","-3,20%"
"03/29/2019",53.2,56.5,56.5,53.2,"16.35K","-5,34%"
"03/28/2019",56.2,54.2,56.2,54.1,"2.68K","2,37%"
"03/27/2019",54.9,54.3,54.9,54,"0.94K","1,67%"
"03/26/2019",54,54,54.6,54,"1.92K","0,00%"
"03/25/2019",54,54.7,55.3,53.8,"1.54K","-1,28%"
"03/22/2019",54.7,55.8,55.8,54.7,"1.20K","-2,15%"
"03/21/2019",55.9,56,56.1,55.1,"1.67K","0,36%"
"03/20/2019",55.7,56.4,57,55.7,"3.14K","-1,59%"
"03/19/2019",56.6,57.2,57.4,56.5,"1.47K","-1,39%"
"03/18/2019",57.4,57.1,57.4,56.7,"3.86K","0,35%"
"03/15/2019",57.2,57.2,57.2,56.6,"2.65K","0,70%"
"03/14/2019",56.8,57.1,57.1,56.7,"0.28K","-0,53%"
"03/13/2019",57.1,57.5,57.7,57.1,"0.54K","-0,70%"
"03/12/2019",57.5,57.8,58,57.1,"2.39K","0,88%"
"03/11/2019",57,56.9,57.1,56.2,"2.77K","1,24%"
"03/08/2019",56.3,57,57.1,56.3,"1.50K","-0,71%"
"03/07/2019",56.7,56.5,57.2,56.2,"2.69K","0,18%"
"03/06/2019",56.6,57.2,57.2,56.5,"0.83K","-0,53%"
"03/05/2019",56.9,56,57.1,55.6,"4.09K","-0,18%"
"03/04/2019",57,56.2,58.5,55.5,"2.32K","2,89%"
"03/01/2019",55.4,54.2,55.6,54.2,"2.55K","0,54%"
"02/28/2019",55.1,54.2,55.1,53.6,"2.99K","2,61%"
"02/27/2019",53.7,55,55,53.6,"2.36K","-2,54%"
"02/26/2019",55.1,55.1,55.2,54.8,"7.71K","-0,36%"
"02/25/2019",55.3,53.8,55.4,53.5,"14.19K","3,17%"
"02/22/2019",53.6,54.5,54.5,53.2,"6.97K","0,19%"
"02/21/2019",53.5,54.5,54.5,51.9,"4.28K","-0,37%"
"02/20/2019",53.7,53,54,52.6,"5.96K","1,32%"
"02/19/2019",53,52.7,53.5,52.5,"2.62K","0,19%"
"02/18/2019",52.9,53.6,53.6,52.3,"1.64K","-1,12%"
"02/15/2019",53.5,54,54,53.1,"2.54K","-0,19%"
"02/14/2019",53.6,54.2,54.4,53.6,"3.38K","-0,74%"
"02/13/2019",54,52,54.4,52,"7.47K","3,05%"
"02/12/2019",52.4,51.9,52.4,51.4,"2.86K","0,77%"
"02/11/2019",52,51,52,50.5,"0.37K","3,79%"
"02/08/2019",50.1,52.2,52.2,50.1,"7.29K","-2,91%"
"02/07/2019",51.6,52.4,52.4,51.4,"9.58K","-1,53%"
"02/06/2019",52.4,52.5,52.5,51.5,"3.79K","0,00%"
"02/05/2019",52.4,52,52.4,51.5,"5.41K","0,19%"
"02/04/2019",52.3,52.1,52.7,50.6,"8.49K","-0,95%"
"02/01/2019",52.8,52.5,53,52.3,"2.08K","0,38%"
"01/31/2019",52.6,52.2,52.7,51.6,"4.65K","0,96%"
"01/30/2019",52.1,52.8,53,51.7,"2.25K","-0,95%"
"01/29/2019",52.6,53,53.3,52.4,"6.24K","-1,50%"
"01/28/2019",53.4,53.9,54,52.8,"0.59K","0,00%"
"01/25/2019",53.4,52.5,53.9,52,"4.07K","1,14%"
"01/24/2019",52.8,53,53,52,"1.23K","-0,38%"
"01/23/2019",53,53.8,53.8,52,"1.69K","-0,38%"
"01/22/2019",53.2,54.1,54.1,52.9,"0.35K","0,00%"
"01/21/2019",53.2,54,54.1,52.9,"1.84K","-1,30%"
"01/18/2019",53.9,53,53.9,52.3,"3.18K","3,06%"
"01/17/2019",52.3,52.2,53.3,52.1,"1.72K","-0,19%"
"01/16/2019",52.4,52.5,52.5,51.4,"0.61K","0,77%"
"01/15/2019",52,53.5,53.5,51.1,"1.12K","-0,76%"
"01/14/2019",52.4,53.9,53.9,52.1,"1.47K","-1,87%"
"01/11/2019",53.4,53.4,53.5,52.6,"1.72K","1,71%"
"01/10/2019",52.5,53,54.3,52.5,"3.52K","0,38%"
"01/09/2019",52.3,52.6,53,51.4,"2.27K","1,16%"
"01/08/2019",51.7,52.3,53.2,51.4,"3.19K","-3,18%"
"01/07/2019",53.4,53.1,53.7,52.1,"2.63K","1,71%"
"01/04/2019",52.5,51.5,52.9,51.3,"2.33K","2,34%"
"01/03/2019",51.3,50.5,53.1,49.65,"4.88K","3,43%"
"01/02/2019",49.6,49,49.65,48.35,"2.01K","5,31%"
"12/28/2018",47.1,47.45,48.25,47.1,"5.24K","-0,63%"
"12/27/2018",47.4,48.2,49,47.4,"4.17K","-2,47%"
"12/21/2018",48.6,48,48.85,48,"2.89K","1,25%"
"12/20/2018",48,48.8,48.8,47.4,"3.01K","-2,04%"
"12/19/2018",49,48,49,46.8,"6.09K","3,81%"
"12/18/2018",47.2,50.7,50.7,46.8,"10.35K","-5,22%"
"12/17/2018",49.8,50,50,48.5,"1.91K","1,63%"
"12/14/2018",49,50.1,50.3,49,"2.39K","-2,00%"
"12/13/2018",50,50,51,49.2,"0.70K","0,00%"
"12/12/2018",50,47.8,50,47.7,"1.94K","4,38%"
"12/11/2018",47.9,47,48,44.6,"5.45K","2,57%"
"12/10/2018",46.7,49,49,45,"3.94K","-4,30%"
"12/07/2018",48.8,49.45,49.5,48.5,"2.41K","0,62%"
"12/06/2018",48.5,51.2,51.2,47.9,"8.27K","-4,15%"
"12/05/2018",50.6,50.9,51.6,50.2,"2.18K","-1,94%"
"12/04/2018",51.6,53.8,53.8,51.6,"2.60K","-2,64%"
"12/03/2018",53,53.4,54,52.9,"1.14K","1,15%"
"11/30/2018",52.4,51.5,53.6,51.5,"2.58K","2,14%"
"11/29/2018",51.3,52.6,53.6,51.3,"1.23K","-2,84%"
"11/28/2018",52.8,54,55,51.9,"1.89K","-3,65%"
"11/27/2018",54.8,55,55.1,54.1,"0.57K","-0,54%"
"11/26/2018",55.1,54.5,55.2,54.2,"2.04K","0,92%"
"11/23/2018",54.6,55.4,55.4,54,"0.81K","-0,55%"
"11/22/2018",54.9,54,55.8,53.2,"3.08K","2,62%"
"11/21/2018",53.5,51,53.6,51,"5.24K","3,68%"
"11/20/2018",51.6,56,57.4,51.2,"10.36K","-7,86%"
"11/19/2018",56,56,56.7,55.3,"2.34K","-1,41%"
"11/16/2018",56.8,56.8,57.9,56,"0.77K","1,07%"
"11/15/2018",56.2,57.1,59.1,56,"2.07K","-1,58%"
"11/14/2018",57.1,61,61,55,"10.27K","-4,19%"
"11/13/2018",59.6,58.6,60.3,58.5,"3.45K","1,71%"
"11/12/2018",58.6,59.4,60.2,58.5,"1.61K","-1,35%"
"11/09/2018",59.4,59.1,60,58.5,"0.91K","0,34%"
"11/08/2018",59.2,59.4,60,58.8,"0.81K","-0,34%"
"11/07/2018",59.4,58.8,60.6,58.5,"2.44K","0,85%"
"11/06/2018",58.9,58.7,59,58.6,"0.37K","0,34%"
"11/05/2018",58.7,58.8,59,58.6,"0.68K","-1,34%"
"11/02/2018",59.5,58.8,60,58,"3.02K","1,19%"
"11/01/2018",58.8,58.7,59.5,58.3,"0.50K","-0,51%"
"10/31/2018",59.1,58,59.5,57.9,"1.92K","0,85%"
"10/30/2018",58.6,58.2,58.6,57.9,"1.39K","-0,51%"
"10/29/2018",58.9,58,59.4,57,"5.65K","1,03%"
"10/26/2018",58.3,60.8,61.2,58.3,"1.68K","-3,48%"
"10/25/2018",60.4,59.7,61.3,59.1,"2.97K","0,50%"
"10/24/2018",60.1,60.4,60.4,58.8,"2.73K","1,35%"
"10/23/2018",59.3,61.4,61.4,59,"5.54K","-2,15%"
"10/22/2018",60.6,60.6,60.6,59.2,"1.31K","0,33%"
"10/19/2018",60.4,61.7,61.7,60,"2.65K","-1,95%"
"10/18/2018",61.6,61.7,63,60,"1.01K","-0,48%"
"10/17/2018",61.9,60.5,62.1,60.5,"3.58K","2,31%"
"10/16/2018",60.5,59,61,59,"2.00K","1,17%"
"10/15/2018",59.8,59.4,60.5,57.9,"1.32K","1,70%"
"10/12/2018",58.8,59,59.2,58.7,"1.91K","1,38%"
"10/11/2018",58,59,59.5,58,"17.39K","-4,13%"
"10/10/2018",60.5,62.9,62.9,60.4,"6.26K","-2,89%"
"10/09/2018",62.3,61.7,62.6,61,"7.88K","0,48%"
"10/08/2018",62,62.9,62.9,61.8,"6.67K","-1,59%"
"10/05/2018",63,65,65,63,"1.34K","-2,63%"
"10/04/2018",64.7,64,64.8,63.7,"4.63K","1,09%"
"10/02/2018",64,63.4,64.5,63,"10.23K","0,00%"
"10/01/2018",64,64.2,64.3,62.9,"1.45K","0,47%"
"09/28/2018",63.7,63.7,64.2,62.5,"5.03K","0,79%"
"09/27/2018",63.2,63,63.5,62.8,"1.97K","0,00%"
"09/26/2018",63.2,63.8,64.4,63,"2.15K","0,32%"
"09/25/2018",63,63.8,63.8,62.7,"1.61K","0,00%"
"09/24/2018",63,64.3,64.3,63,"1.01K","-1,56%"
"09/21/2018",64,64.9,64.9,63.2,"2.12K","1,11%"
"09/20/2018",63.3,63.4,66.1,63.1,"5.54K","-0,31%"
"09/19/2018",63.5,63.8,63.9,61.9,"15.69K","0,79%"
"09/18/2018",63,64.5,64.8,62.9,"2.79K","-2,02%"
"09/17/2018",64.3,66.9,67,64.2,"3.71K","-3,74%"
"09/14/2018",66.8,65.5,67.4,64.4,"12.21K","1,98%"
"09/13/2018",65.5,64.9,65.7,64,"3.54K","2,34%"
"09/12/2018",64,62,64.5,61.7,"3.91K","3,23%"
"09/11/2018",62,62.8,63.3,61.7,"6.17K","-1,12%"
"09/10/2018",62.7,64,64,62,"2.47K","-0,95%"
"09/07/2018",63.3,62.7,63.6,62,"3.92K","2,10%"
"09/06/2018",62,64.5,64.6,62,"3.45K","-3,88%"
"09/05/2018",64.5,62,64.5,62,"4.79K","1,57%"
"09/04/2018",63.5,62.4,63.7,61.6,"17.04K","1,28%"
"09/03/2018",62.7,65.1,65.1,62.1,"9.18K","-2,79%"
"08/31/2018",64.5,65.1,66,64,"2.51K","-2,27%"
"08/30/2018",66,66.2,66.3,64.2,"3.26K","0,00%"
"08/29/2018",66,65.1,66,63.6,"8.01K","1,54%"
"08/28/2018",65,64.4,65,64,"6.63K","1,25%"
"08/27/2018",64.2,63.3,64.4,62.8,"5.94K","2,07%"
"08/24/2018",62.9,62.7,63.1,61.8,"9.60K","0,64%"
"08/23/2018",62.5,61.5,62.7,61,"8.29K","1,96%"
"08/22/2018",61.3,61.4,62,60.6,"2.96K","0,66%"
"08/21/2018",60.9,61,61.7,60.7,"3.11K","-0,81%"
"08/20/2018",61.4,61.5,61.8,60.5,"4.21K","-0,16%"
"08/17/2018",61.5,60.2,61.5,60,"7.68K","1,65%"
"08/16/2018",60.5,59.2,60.5,58.5,"3.77K","1,85%"
"08/15/2018",59.4,58.9,59.6,58.2,"2.18K","0,68%"
"08/14/2018",59,60,60,58.4,"1.32K","-0,34%"
"08/13/2018",59.2,58.5,60.1,57.5,"2.71K","1,20%"
"08/10/2018",58.5,58.2,58.5,57.2,"1.91K","0,34%"
"08/09/2018",58.3,57.8,58.3,57,"1.69K","0,34%"
"08/08/2018",58.1,58.1,58.3,56.6,"2.42K","0,17%"
"08/07/2018",58,58.5,58.5,57.6,"0.96K","-0,17%"
"08/06/2018",58.1,58.5,58.6,57.5,"1.48K","0,17%"
"08/03/2018",58,58.2,58.3,57.1,"1.52K","0,87%"
"08/02/2018",57.5,57.2,58,57,"3.48K","-0,86%"
"08/01/2018",58,58.4,58.4,57,"1.56K","1,40%"
"07/31/2018",57.2,57.3,58.7,57.2,"0.96K","-1,38%"
"07/30/2018",58,59.8,60.1,58,"2.79K","-1,69%"
"07/27/2018",59,60.7,60.7,58.9,"5.64K","-1,17%"
"07/26/2018",59.7,59.3,61,59,"5.56K","3,29%"
"07/25/2018",57.8,58.4,59.2,57.3,"3.54K","-0,52%"
"07/24/2018",58.1,57.8,58.4,57.2,"2.96K","0,69%"
"07/23/2018",57.7,57,58,56.6,"1.79K","2,12%"
"07/20/2018",56.5,55.5,56.9,55.4,"2.28K","1,62%"
"07/19/2018",55.6,55.4,56,54.7,"1.53K","0,54%"
"07/18/2018",55.3,55,55.3,54.3,"3.84K","0,73%"
"07/17/2018",54.9,55.4,55.5,54.4,"1.74K","-0,18%"
"07/16/2018",55,54.8,55.4,54.6,"0.44K","1,48%"
"07/13/2018",54.2,55,55,53.9,"1.95K","-0,73%"
"07/12/2018",54.6,54.2,55.4,54.1,"2.27K","-0,73%"
"07/11/2018",55,55.2,55.8,54.2,"1.83K","-0,90%"
"07/10/2018",55.5,53.8,57,53.8,"4.11K","1,65%"
"07/09/2018",54.6,53.7,54.9,53.7,"3.21K","0,37%"
"07/06/2018",54.4,57.4,57.4,53.1,"6.88K","-4,23%"
"07/05/2018",56.8,58.2,58.2,56.8,"2.06K","-1,22%"
"07/04/2018",57.5,56.2,57.9,55.7,"6.57K","1,77%"
"07/03/2018",56.5,56.7,57.2,56.2,"4.67K","0,36%"
"07/02/2018",56.3,54.7,56.3,54.4,"3.17K","0,90%"
"06/29/2018",55.8,53.3,56.6,53.3,"6.88K","5,08%"
"06/28/2018",53.1,53.1,54.1,52.8,"9.61K","-1,67%"
"06/27/2018",54,52.2,54.5,52.2,"5.79K","2,66%"
"06/26/2018",52.6,51.9,53.7,51.9,"3.14K","2,73%"
"06/25/2018",51.2,54.2,54.5,51.2,"12.24K","-5,88%"
"06/22/2018",54.4,56.8,56.8,53.7,"3.34K","-1,63%"
"06/21/2018",55.3,57,57,55.3,"1.76K","-2,30%"
"06/20/2018",56.6,56.9,57.9,56.6,"1.51K","0,18%"
"06/19/2018",56.5,57.9,58,56.4,"4.83K","-1,22%"
"06/18/2018",57.2,57.6,57.7,57,"1.25K","-0,69%"
"06/15/2018",57.6,58.1,58.3,57.2,"3.18K","0,35%"
"06/14/2018",57.4,58.3,58.4,57.2,"2.99K","-0,52%"
"06/13/2018",57.7,59,59.2,57.7,"1.23K","-2,04%"
"06/12/2018",58.9,59,59.3,58,"0.99K","1,20%"
"06/11/2018",58.2,57.3,58.9,57,"4.84K","-0,17%"
"06/08/2018",58.3,58,58.4,57.2,"2.92K","0,52%"
"06/07/2018",58,58.8,58.9,57.5,"4.77K","0,00%"
"06/06/2018",58,58.3,58.6,57.5,"1.93K","-0,17%"
"06/05/2018",58.1,58.1,58.5,56.9,"0.97K","1,93%"
"06/04/2018",57,57.5,57.6,56.6,"3.13K","0,71%"
"06/01/2018",56.6,57.2,57.3,56.4,"1.55K","0,18%"
"05/31/2018",56.5,56.7,57.6,56.5,"1.54K","-0,35%"
"05/30/2018",56.7,57.4,57.4,56.4,"3.06K","0,18%"
"05/29/2018",56.6,57.7,57.7,56.5,"0.87K","-1,91%"
"05/28/2018",57.7,58.2,58.3,57.3,"0.83K","0,52%"
"05/25/2018",57.4,58.2,58.2,57.3,"2.07K","-0,69%"
"05/24/2018",57.8,57.5,58.4,57.5,"0.63K","0,35%"
"05/23/2018",57.6,57.9,58.4,57.4,"1.69K","-1,37%"
"05/22/2018",58.4,59.4,59.5,58.1,"1.43K","-1,02%"
"05/18/2018",59,59.6,60,58,"2.37K","-0,17%"
"05/17/2018",59.1,57.6,60.1,57.6,"4.95K","2,96%"
"05/16/2018",57.4,59.3,59.3,55.9,"5.87K","-2,71%"
"05/15/2018",59,59,59.2,58.5,"2.11K","-0,51%"
"05/14/2018",59.3,58.7,59.7,58.7,"3.15K","0,85%"
"05/11/2018",58.8,58.9,59.7,58.7,"0.76K","-1,01%"
"05/10/2018",59.4,58.4,59.4,58.4,"0.46K","0,51%"
"05/09/2018",59.1,58.7,59.4,58.3,"2.81K","-0,17%"
"05/08/2018",59.2,59,59.2,58.6,"1.75K","0,68%"
"05/07/2018",58.8,58.8,59.5,58,"6.17K","0,51%"
"05/04/2018",58.5,58,58.5,57.8,"0.51K","0,86%"
"05/03/2018",58,57.4,58.5,57.4,"2.68K","1,75%"
"05/02/2018",57,56.4,57,55.7,"2.49K","2,70%"
"04/30/2018",55.5,56.9,56.9,55.5,"1.76K","-2,29%"
"04/27/2018",56.8,57.1,57.2,56,"2.76K","0,89%"
"04/26/2018",56.3,56.8,57,55.9,"4.70K","0,72%"
"04/25/2018",55.9,57.9,57.9,55.1,"5.28K","-3,62%"
"04/24/2018",58,58.8,58.8,57.5,"6.92K","-1,53%"
"04/23/2018",58.9,60.5,60.5,58.5,"6.31K","-2,32%"
"04/20/2018",60.3,61.3,61.4,60.3,"0.97K","-1,95%"
"04/19/2018",61.5,61,61.5,60.1,"4.71K","0,33%"
"04/18/2018",61.3,61.5,61.9,61,"3.31K","0,16%"
"04/17/2018",61.2,60.5,61.6,60.5,"3.42K","0,82%"
"04/16/2018",60.7,60.3,61.1,59.6,"4.39K","0,66%"
"04/13/2018",60.3,58.3,60.3,57.7,"3.16K","2,20%"
"04/12/2018",59,58.4,59,57.5,"1.60K","0,17%"
"04/11/2018",58.9,59.8,59.8,58,"3.60K","-1,51%"
"04/10/2018",59.8,58,59.8,57.8,"4.67K","3,28%"
"04/09/2018",57.9,57.9,58.2,56.9,"5.57K","0,70%"
"04/06/2018",57.5,56.5,57.5,56.2,"13.26K","2,13%"
"04/05/2018",56.3,58.5,58.5,55.7,"19.20K","-1,92%"
"04/04/2018",57.4,59.5,59.5,56.3,"5.58K","-3,53%"
"04/03/2018",59.5,60.1,60.1,58.7,"2.98K","-0,50%"
"03/29/2018",59.8,58.1,59.8,57.4,"8.38K","4,18%"
"03/28/2018",57.4,59.7,59.7,57.1,"12.43K","-4,49%"
"03/27/2018",60.1,58.9,60.2,58.7,"2.48K","3,26%"
"03/26/2018",58.2,57.8,59.7,57.5,"7.91K","2,28%"
"03/23/2018",56.9,55.6,56.9,53.4,"21.53K","2,34%"
"03/22/2018",55.6,57.1,57.5,55.5,"6.25K","-2,97%"
"03/21/2018",57.3,58.7,58.7,57.1,"3.87K","-1,21%"
"03/20/2018",58,58.2,58.8,58,"0.92K","-0,85%"
"03/19/2018",58.5,59.2,59.2,58.3,"4.21K","0,00%"
"03/16/2018",58.5,60.3,60.3,58,"2.11K","-2,17%"
"03/15/2018",59.8,60.1,61.2,59.7,"2.21K","-0,50%"
"03/14/2018",60.1,61,61.5,60.1,"4.33K","-1,80%"
"03/13/2018",61.2,62,62.5,61.1,"3.00K","-1,29%"
"03/12/2018",62,62.6,62.6,61.7,"5.99K","-0,96%"
"03/09/2018",62.6,61.8,62.9,60.7,"5.92K","1,79%"
"03/08/2018",61.5,61.3,62.2,61.3,"3.62K","-1,28%"
"03/07/2018",62.3,61.6,62.3,59.8,"5.91K","1,63%"
"03/06/2018",61.3,61.2,62.8,61.2,"3.72K","0,33%"
"03/05/2018",61.1,58,61.1,58,"7.03K","5,34%"
"03/02/2018",58,59,59.3,58,"9.32K","-2,36%"
"03/01/2018",59.4,62.3,62.3,59,"5.53K","-3,88%"
"02/28/2018",61.8,61.4,61.8,61,"2.89K","-0,16%"
"02/27/2018",61.9,62.1,63,61.7,"2.10K","-0,96%"
"02/26/2018",62.5,62.4,63.1,61.9,"6.80K","-0,64%"
"02/23/2018",62.9,59.9,63.2,59.9,"12.09K","5,71%"
"02/22/2018",59.5,59.6,60.4,59.2,"6.61K","0,17%"
"02/21/2018",59.4,59.6,59.8,59,"5.06K","-0,34%"
"02/20/2018",59.6,59.8,59.8,59,"4.65K","1,02%"
"02/19/2018",59,59.1,60,58.7,"10.18K","0,17%"
"02/16/2018",58.9,56.4,59.5,56.4,"24.54K","4,25%"
"02/15/2018",56.5,54.6,56.5,54.6,"8.42K","4,44%"
"02/14/2018",54.1,53.9,54.4,53.4,"2.95K","2,08%"
"02/13/2018",53,53,54.3,52.1,"2.73K","-0,93%"
"02/12/2018",53.5,53.9,54.1,53.4,"1.91K","0,75%"
"02/09/2018",53.1,53.7,54.1,50.9,"8.83K","-1,67%"
"02/08/2018",54,53.8,55.2,53.8,"4.92K","0,19%"
"02/07/2018",53.9,53.8,54.6,53.8,"2.27K","-0,37%"
"02/06/2018",54.1,53,54.8,51.9,"16.68K","-0,55%"
"02/05/2018",54.4,55.2,55.5,54.3,"7.36K","-2,33%"
"02/02/2018",55.7,56.2,56.3,54.7,"5.14K","0,36%"
"02/01/2018",55.5,54.6,56.2,54.6,"5.47K","2,02%"
"01/31/2018",54.4,53.3,55.5,53.3,"4.15K","1,12%"
"01/30/2018",53.8,54.2,54.9,53.6,"3.12K","-2,18%"
"01/29/2018",55,55.2,55.8,54.8,"4.99K","-0,54%"
"01/26/2018",55.3,52.9,55.3,52.7,"6.20K","4,93%"
"01/25/2018",52.7,53,54.7,52.7,"8.25K","0,00%"
"01/24/2018",52.7,52.8,54,52.7,"5.84K","-1,31%"
"01/23/2018",53.4,53.3,54.6,52.7,"10.61K","-1,29%"
"01/22/2018",54.1,55.2,55.8,53.7,"7.64K","-1,10%"
"01/19/2018",54.7,55.4,55.9,54.4,"7.05K","-1,26%"
"01/18/2018",55.4,55.6,56,55.4,"6.06K","-0,72%"
"01/17/2018",55.8,55.9,56.2,55.5,"6.07K","0,00%"
"01/16/2018",55.8,55.7,56.3,55.6,"1.14K","-0,36%"
"01/15/2018",56,56.1,57.2,55.6,"10.63K","0,36%"
"01/12/2018",55.8,55.9,56.2,55.5,"3.60K","0,18%"
"01/11/2018",55.7,55.4,55.9,55.3,"6.93K","0,54%"
"01/10/2018",55.4,55.6,55.8,55.1,"8.87K","-0,54%"
"01/09/2018",55.7,57.3,57.3,55.6,"5.03K","-2,79%"
"01/08/2018",57.3,54.7,57.3,54.6,"6.49K","4,95%"
"01/05/2018",54.6,54.8,55,54.4,"3.46K","0,18%"
"01/04/2018",54.5,54.5,56.4,54.4,"8.57K","0,00%"
"01/03/2018",54.5,55,56.4,54.5,"5.57K","-0,73%"
"01/02/2018",54.9,54.1,55.4,53.6,"5.67K","0,42%"
"12/29/2017",54.67,54.88,55,54.51,"2.91K","-0,31%"
"12/28/2017",54.84,55,55,54.5,"3.20K","0,40%"
"12/27/2017",54.62,54.5,54.87,54.5,"3.20K","0,18%"
"12/22/2017",54.52,54.6,55.12,54.28,"8.89K","0,04%"
"12/21/2017",54.5,54.5,54.64,54.28,"3.02K","0,00%"
"12/20/2017",54.5,55.03,55.67,54.5,"3.78K","-0,91%"
"12/19/2017",55,54.91,55.88,54.33,"5.95K","0,18%"
"12/18/2017",54.9,55.2,55.49,54.9,"1.55K","-0,18%"
"12/15/2017",55,55.82,55.99,54.5,"3.74K","0,92%"
"12/14/2017",54.5,54.78,55,54.5,"6.72K","-0,02%"
"12/13/2017",54.51,54.55,55.59,54.5,"1.23K","-0,51%"
"12/12/2017",54.79,54.6,54.79,54.5,"1.51K","0,53%"
"12/11/2017",54.5,54.79,55.09,54.11,"0.65K","0,13%"
"12/08/2017",54.43,55.19,55.98,54.43,"2.92K","-1,11%"
"12/07/2017",55.04,56.25,56.25,55.04,"4.99K","-1,70%"
"12/06/2017",55.99,57.07,57.8,55.29,"4.52K","0,05%"
"12/05/2017",55.96,56.39,56.42,54.1,"4.26K","-0,99%"
"12/04/2017",56.52,53.9,57.96,53.9,"24.18K","3,71%"
"12/01/2017",54.5,54.11,54.8,54,"4.88K","0,06%"
"11/30/2017",54.47,53,55,53,"3.64K","2,08%"
"11/29/2017",53.36,53.99,54.3,53,"4.04K","-0,73%"
"11/28/2017",53.75,54.3,55,53.55,"3.86K","-0,90%"
"11/27/2017",54.24,53.69,54.5,53.4,"3.89K","1,01%"
"11/24/2017",53.7,53.31,53.7,52.42,"5.89K","1,30%"
"11/23/2017",53.01,53.65,53.65,52.88,"2.44K","0,02%"
"11/22/2017",53,52.6,53.7,52.6,"2.28K","-0,36%"
"11/21/2017",53.19,52.5,53.36,52.35,"3.89K","0,53%"
"11/20/2017",52.91,53.89,54.53,52.12,"8.58K","-2,00%"
"11/17/2017",53.99,52.61,54.11,52.24,"10.51K","3,89%"
"11/16/2017",51.97,51.19,52.15,51,"2.88K","2,71%"
"11/15/2017",50.6,51.49,51.49,50.5,"5.60K","-1,38%"
"11/14/2017",51.31,51.51,53.97,50.75,"17.28K","1,60%"
"11/13/2017",50.5,50.51,51,50.2,"3.08K","-0,02%"
"11/10/2017",50.51,51.15,51.75,50.51,"4.15K","-0,45%"
"11/09/2017",50.74,51.07,51.5,50.5,"2.97K","0,48%"
"11/08/2017",50.5,50.01,50.61,49.99,"4.36K","1,26%"
"11/07/2017",49.87,50.8,51.49,49.64,"9.23K","-2,75%"
"11/06/2017",51.28,51.21,51.71,51,"2.64K","0,23%"
"11/03/2017",51.16,50,51.33,49.55,"3.08K","0,61%"
"11/02/2017",50.85,50.75,51.67,50.75,"4.09K","-1,26%"
"11/01/2017",51.5,50.95,51.62,50.95,"1.81K","0,00%"
"10/30/2017",51.5,52.23,52.23,51.32,"2.01K","-0,19%"
"10/27/2017",51.6,52,52,51.6,"1.19K","-1,36%"
"10/26/2017",52.31,52,52.49,52,"1.61K","0,02%"
"10/25/2017",52.3,51,52.62,49.27,"13.55K","3,22%"
"10/24/2017",50.67,50.88,51.08,50.57,"3.70K","-0,31%"
"10/23/2017",50.83,51.2,51.4,50.57,"3.44K","-1,99%"
"10/20/2017",51.86,52.69,52.69,51.5,"2.06K","-0,23%"
"10/19/2017",51.98,53,53,51.72,"5.64K","-0,38%"
"10/18/2017",52.18,52.5,52.5,52.05,"1.29K","-0,61%"
"10/17/2017",52.5,52.58,52.91,52.05,"2.97K","-0,19%"
"10/16/2017",52.6,53.31,53.46,52,"1.82K","-0,57%"
"10/13/2017",52.9,51.71,53.99,51.71,"9.34K","2,62%"
"10/12/2017",51.55,52.81,52.81,50.84,"6.17K","-2,18%"
"10/11/2017",52.7,52.02,53.45,52.02,"4.77K","0,29%"
"10/10/2017",52.55,53.01,53.01,52.55,"0.54K","-1,22%"
"10/09/2017",53.2,54.4,54.4,52.51,"2.51K","-0,02%"
"10/06/2017",53.21,55.02,55.02,53.21,"4.06K","-4,13%"
"10/05/2017",55.5,55,55.5,52.01,"9.55K","0,91%"
"10/04/2017",55,53.1,55,52.1,"15.03K","3,77%"
"10/02/2017",53,50.2,53,50.1,"18.77K","4,95%"
"09/29/2017",50.5,50.26,50.69,50.1,"2.74K","0,80%"
"09/28/2017",50.1,50.2,50.45,49.95,"6.30K","-0,02%"
"09/27/2017",50.11,50.01,50.3,50.01,"2.74K","0,02%"
"09/26/2017",50.1,50.13,50.68,50.03,"2.11K","0,10%"
"09/25/2017",50.05,50.5,50.69,50,"3.94K","-0,89%"
"09/22/2017",50.5,49,50.5,49,"4.86K","3,46%"
"09/21/2017",48.81,49.38,50.16,48.81,"5.85K","-2,36%"
"09/20/2017",49.99,49.5,50.43,49.27,"2.50K","0,75%"
"09/19/2017",49.62,50.19,50.32,49.5,"1.17K","-0,64%"
"09/18/2017",49.94,48.16,50.5,48.16,"10.35K","2,97%"
"09/15/2017",48.5,50.5,50.5,48.09,"21.50K","-2,22%"
"09/14/2017",49.6,51.5,51.75,49.6,"9.97K","-4,25%"
"09/13/2017",51.8,52.39,52.39,51.21,"6.41K","0,08%"
"09/12/2017",51.76,51,52.38,50.99,"18.10K","2,05%"
"09/11/2017",50.72,50.7,50.85,50,"11.01K","2,78%"
"09/08/2017",49.35,48.09,49.5,48.09,"5.93K","2,24%"
"09/07/2017",48.27,48,49.34,48,"4.19K","0,54%"
"09/06/2017",48.01,48.5,49.15,47.77,"4.06K","-0,99%"
"09/05/2017",48.49,44.92,49.49,44.51,"22.24K","8,82%"
"09/04/2017",44.56,44.52,44.93,44.01,"22.98K","-1,18%"
"09/01/2017",45.09,45.79,45.79,45,"5.04K","-1,79%"
"08/31/2017",45.91,45.2,46.35,45.2,"5.48K","-1,27%"
"08/30/2017",46.5,46.04,46.5,45,"14.85K","1,44%"
"08/29/2017",45.84,47.54,47.54,45,"9.97K","-3,96%"
"08/28/2017",47.73,48.88,49.15,47.32,"5.56K","-2,57%"
"08/25/2017",48.99,48.6,49.59,46.5,"20.81K","-0,02%"
"08/24/2017",49,51.03,51.14,42.7,"111.56K","-3,92%"
"08/23/2017",51,51.03,51.33,50.74,"1.25K","0,79%"
"08/22/2017",50.6,50.7,50.7,50.42,"1.40K","0,20%"
"08/21/2017",50.5,51.19,51.19,50.5,"1.30K","-0,88%"
"08/18/2017",50.95,50.53,51.11,50.2,"8.05K","0,41%"
"08/17/2017",50.74,51.98,51.98,50.51,"4.34K","0,73%"
"08/16/2017",50.37,50.01,51,50,"5.57K","0,72%"
"08/15/2017",50.01,50.2,50.9,50,"1.00K","0,00%"
"08/14/2017",50.01,50.05,50.99,49.3,"3.80K","0,32%"
"08/11/2017",49.85,50,50.48,49.3,"9.82K","-1,09%"
"08/10/2017",50.4,50.41,51.7,50.35,"5.23K","-0,59%"
"08/09/2017",50.7,50.8,50.95,50.25,"3.36K","-0,69%"
"08/08/2017",51.05,51.08,51.08,50.8,"1.54K","0,10%"
"08/07/2017",51,50.99,51.98,50.79,"8.37K","0,08%"
"08/04/2017",50.96,51,51.03,50.8,"1.28K","0,02%"
"08/03/2017",50.95,50.91,51.16,50.68,"4.33K","-0,10%"
"08/02/2017",51,50.01,51.53,50,"15.57K","2,35%"
"08/01/2017",49.83,50.51,50.71,49.61,"8.52K","-2,29%"
"07/31/2017",51,50.96,52,50.5,"6.87K","-0,62%"
"07/28/2017",51.32,51,51.32,50.91,"3.86K","0,67%"
"07/27/2017",50.98,51.2,51.25,50.11,"6.57K","0,79%"
"07/26/2017",50.58,50.7,51.45,50.41,"4.14K","-0,24%"
"07/25/2017",50.7,51.29,51.86,50.38,"5.11K","-1,55%"
"07/24/2017",51.5,51.2,51.66,51.09,"4.58K","-1,30%"
"07/21/2017",52.18,53,53,52,"4.62K","-1,32%"
"07/20/2017",52.88,52,53.3,51.84,"6.23K","1,99%"
"07/19/2017",51.85,53,53,51.65,"9.34K","-2,17%"
"07/18/2017",53,53.09,53.38,52.71,"3.88K","-0,30%"
"07/17/2017",53.16,53.49,53.49,52.5,"6.04K","-0,64%"
"07/14/2017",53.5,53.5,54.02,53.27,"4.18K","0,00%"
"07/13/2017",53.5,53.71,53.8,53.5,"2.67K","-1,22%"
"07/12/2017",54.16,53.69,54.23,53.51,"3.53K","0,82%"
"07/11/2017",53.72,53.32,53.82,53.3,"2.71K","-0,07%"
"07/10/2017",53.76,53,54.02,53,"2.71K","0,96%"
"07/07/2017",53.25,53.15,53.72,53,"3.54K","-1,04%"
"07/06/2017",53.81,53.9,54.02,53.13,"2.80K","-0,44%"
"07/05/2017",54.05,54.21,56.16,53.8,"3.69K","-0,90%"
"07/04/2017",54.54,54.48,55.45,53.7,"12.22K","0,78%"
"07/03/2017",54.12,53.9,55,53.5,"5.14K","-0,15%"
"06/30/2017",54.2,53.71,54.33,53.71,"5.81K","0,35%"
"06/29/2017",54.01,54,55,53.3,"11.88K","0,02%"
"06/28/2017",54,54,54.49,53,"10.10K","-1,62%"
"06/27/2017",54.89,55,55.31,54.67,"5.72K","-0,13%"
"06/26/2017",54.96,55.13,55.43,54.85,"2.33K","-0,07%"
"06/23/2017",55,55.18,55.54,54.45,"3.85K","-0,81%"
"06/22/2017",55.45,56.07,56.63,55,"1.70K","-1,02%"
"06/21/2017",56.02,55.68,56.51,55.66,"12.91K","-0,46%"
"06/20/2017",56.28,55.85,56.59,55.55,"3.90K","1,68%"
"06/19/2017",55.35,55,55.77,54.62,"3.96K","1,43%"
"06/16/2017",54.57,55.5,55.74,54.57,"5.30K","-1,30%"
"06/15/2017",55.29,57.7,57.74,53.15,"10.29K","-2,74%"
"06/14/2017",56.85,55.3,57,55.3,"10.15K","3,36%"
"06/13/2017",55,52.84,55.96,52.84,"10.40K","4,66%"
"06/12/2017",52.55,55.06,55.4,52.55,"11.84K","-5,57%"
"06/09/2017",55.65,56.6,57.99,53.25,"19.52K","-1,00%"
"06/08/2017",56.21,56.99,56.99,55.5,"13.51K","-1,73%"
"06/07/2017",57.2,59.4,59.4,56.51,"12.21K","-3,54%"
"06/06/2017",59.3,60.62,61,58.55,"9.73K","-3,42%"
"06/02/2017",61.4,61.2,62,60.49,"15.47K","-1,76%"
"06/01/2017",62.5,62,63.49,61.8,"12.69K","-0,48%"
"05/31/2017",62.8,59,63.81,58.93,"26.71K","6,22%"
"05/30/2017",59.12,55.07,59.69,55.07,"33.15K","8,78%"
"05/29/2017",54.35,54.36,56.25,54.35,"25.99K","1,21%"
"05/26/2017",53.7,52.99,54.49,51.79,"15.20K","0,09%"
"05/25/2017",53.65,53.7,53.7,53.2,"1.02K","-0,09%"
"05/24/2017",53.7,55.09,55.17,53.44,"7.38K","-1,32%"
"05/23/2017",54.42,54.2,56,53.88,"20.70K","-0,06%"
"05/22/2017",54.45,53.03,55.05,53.03,"21.95K","3,32%"
"05/19/2017",52.7,52.58,54.44,52.08,"13.42K","1,72%"
"05/18/2017",51.81,52.38,52.52,50.55,"10.29K","-2,25%"
"05/17/2017",53,53.1,54.44,52.63,"10.93K","-0,54%"
"05/16/2017",53.29,54.06,54.31,53.01,"11.79K","-1,31%"
"05/15/2017",54,52.77,54.07,52.45,"8.85K","3,09%"
"05/12/2017",52.38,52.6,53.06,52.05,"7.83K","-1,15%"
"05/11/2017",52.99,54.23,54.79,52.53,"12.57K","-2,29%"
"05/10/2017",54.23,55.26,55.39,54.02,"6.72K","-1,90%"
"05/09/2017",55.28,56.2,56.79,55.26,"8.50K","-1,20%"
"05/08/2017",55.95,55.39,56.12,54.84,"9.98K","1,75%"
"05/05/2017",54.99,55.38,56.04,54.87,"9.53K","-0,74%"
"05/04/2017",55.4,56.01,56.34,55.26,"8.93K","-0,23%"
"05/03/2017",55.53,55.58,56,55.25,"10.61K","-0,09%"
"05/02/2017",55.58,54.25,56.09,54.22,"22.41K","3,00%"
"04/28/2017",53.96,53.8,54.22,53.43,"6.43K","-0,07%"
"04/27/2017",54,54.7,55.22,52.75,"10.54K","-1,35%"
"04/26/2017",54.74,54,55.95,54,"14.04K","1,22%"
"04/25/2017",54.08,53,54.64,53,"8.51K","0,39%"
"04/24/2017",53.87,50.78,54.95,50.22,"23.52K","6,13%"
"04/21/2017",50.76,52.39,52.49,48.99,"17.53K","1,58%"
"04/20/2017",49.97,48.4,50.5,48.4,"16.46K","3,22%"
"04/19/2017",48.41,49.89,50.21,48.41,"13.85K","-3,18%"
"04/18/2017",50,53.5,53.9,49,"30.92K","-1,61%"
"04/13/2017",50.82,53.5,53.5,49.43,"15.64K","-4,11%"
"04/12/2017",53,51.5,53.3,51.4,"7.44K","2,32%"
"04/11/2017",51.8,51.95,52.83,51.51,"7.98K","-1,15%"
"04/10/2017",52.4,50.98,53.21,50.69,"3.42K","2,70%"
"04/07/2017",51.02,50.73,53.11,50.5,"6.70K","-0,66%"
"04/06/2017",51.36,51,51.36,48.42,"34.07K","-0,39%"
"04/05/2017",51.56,52.16,52.7,51.37,"5.36K","-2,11%"
"04/04/2017",52.67,53,53.73,51.8,"10.88K","-0,83%"
"04/03/2017",53.11,54.1,54.28,52.55,"3.42K","-0,64%"
"03/31/2017",53.45,53.94,53.94,53.19,"2.40K","-1,29%"
"03/30/2017",54.15,53.12,54.35,53,"1.52K","1,59%"
"03/29/2017",53.3,54.35,54.35,53,"3.60K","-1,82%"
"03/28/2017",54.29,52.82,54.29,52.82,"4.51K","3,71%"
"03/27/2017",52.35,53.5,53.5,52.3,"3.87K","-2,09%"
"03/24/2017",53.47,52.1,53.5,51.7,"6.94K","2,97%"
"03/23/2017",51.93,52.5,52.85,51.66,"7.40K","-1,70%"
"03/22/2017",52.83,53.12,53.56,51.99,"11.49K","-0,84%"
"03/21/2017",53.28,53.89,53.98,53,"6.63K","-0,47%"
"03/20/2017",53.53,53.78,54.25,53.53,"4.04K","-0,43%"
"03/17/2017",53.76,53.67,56.9,53.61,"7.71K","-0,63%"
"03/16/2017",54.1,56.5,56.5,51.66,"19.54K","-3,27%"
"03/15/2017",55.93,55.58,57.11,55.58,"4.28K","0,41%"
"03/14/2017",55.7,56,57.85,55.66,"12.61K","-0,68%"
"03/13/2017",56.08,55.27,56.55,54.43,"5.97K","0,75%"
"03/10/2017",55.66,56.65,56.65,54.37,"9.11K","-1,68%"
"03/09/2017",56.61,57.6,57.75,56.2,"8.05K","-2,13%"
"03/08/2017",57.84,55.7,58.19,55.7,"17.47K","4,73%"
"03/07/2017",55.23,52.5,55.99,52.5,"17.50K","5,20%"
"03/06/2017",52.5,52.7,52.74,52.17,"5.51K","-2,65%"
"03/03/2017",53.93,53.1,53.93,52.22,"7.73K","-0,13%"
"03/02/2017",54,53.65,54.3,53.35,"12.79K","0,78%"
"03/01/2017",53.58,52.5,54.27,52.1,"4.96K","3,06%"
"02/28/2017",51.99,51.91,52.99,51.5,"7.99K","-0,78%"
"02/27/2017",52.4,52.92,53.13,52.14,"2.22K","-0,15%"
"02/24/2017",52.48,52.4,53.5,51.9,"8.86K","-0,30%"
"02/23/2017",52.64,54.5,54.5,52.64,"7.94K","-3,85%"
"02/22/2017",54.75,54.34,54.89,53.42,"10.36K","1,01%"
"02/21/2017",54.2,54,54.57,52.65,"14.81K","0,37%"
"02/20/2017",54,53.49,55.5,52.88,"11.39K","0,99%"
"02/17/2017",53.47,54.45,54.85,51.11,"30.25K","-1,58%"
"02/16/2017",54.33,54.99,54.99,53.9,"9.87K","-1,22%"
"02/15/2017",55,55.39,55.4,54.26,"6.92K","0,00%"
"02/14/2017",55,56.5,57,54.61,"11.13K","-1,47%"
"02/13/2017",55.82,53.6,56,53.18,"8.28K","2,93%"
"02/10/2017",54.23,53.82,54.58,53.8,"6.34K","-0,04%"
"02/09/2017",54.25,54.5,54.75,53.69,"8.38K","0,78%"
"02/08/2017",53.83,55.9,57.45,53.55,"13.09K","-4,51%"
"02/07/2017",56.37,58.25,58.25,55.28,"17.77K","-3,13%"
"02/06/2017",58.19,58.3,58.3,57.6,"8.04K","-0,26%"
"02/03/2017",58.34,57.25,58.34,57.25,"8.36K","1,90%"
"02/02/2017",57.25,57.5,57.5,56.63,"9.58K","0,00%"
"02/01/2017",57.25,55.55,57.89,54.85,"17.15K","5,10%"
"01/31/2017",54.47,58.58,58.9,52.5,"30.61K","-7,36%"
"01/30/2017",58.8,59.24,59.24,58.55,"15.72K","0,48%"
"01/27/2017",58.52,57.8,58.52,57.8,"19.21K","1,42%"
"01/26/2017",57.7,57.1,58.68,57.1,"16.16K","1,76%"
"01/25/2017",56.7,55.52,57,55.2,"11.79K","2,31%"
"01/24/2017",55.42,55.9,55.9,54.71,"10.02K","0,42%"
"01/23/2017",55.19,54.5,55.9,54.18,"6.99K","1,28%"
"01/20/2017",54.49,55.45,55.45,54.01,"6.84K","-0,62%"
"01/19/2017",54.83,54.9,55.48,53.56,"14.66K","0,96%"
"01/18/2017",54.31,55.89,56.02,53.51,"21.08K","-2,60%"
"01/17/2017",55.76,55.03,56.73,54.7,"18.57K","2,31%"
"01/16/2017",54.5,52.7,54.99,52.64,"17.93K","5,56%"
"01/13/2017",51.63,52.99,52.99,51.5,"12.49K","-1,56%"
"01/12/2017",52.45,52.79,53.5,52.17,"14.16K","0,79%"
"01/11/2017",52.04,53.19,53.4,51.97,"21.91K","-1,81%"
"01/10/2017",53,52.5,53.5,51.1,"24.81K","2,71%"
"01/09/2017",51.6,52.5,53.75,51.08,"17.32K","-0,64%"
"01/06/2017",51.93,53.13,53.3,51.65,"10.81K","-0,44%"
"01/05/2017",52.16,50.49,53.98,49.9,"23.80K","3,88%"
"01/04/2017",50.21,50,50.9,49.5,"35.60K","0,42%"
"01/03/2017",50,46.03,50.75,46.03,"55.66K","7,78%"
"01/02/2017",46.39,45.53,46.75,45.53,"6.07K","0,85%"
"12/30/2016",46,46.23,46.23,45.48,"2.25K","0,88%"
"12/29/2016",45.6,46,46.3,45.6,"2.23K","-0,20%"
"12/28/2016",45.69,44.86,46,44.86,"5.46K","2,33%"
"12/27/2016",44.65,44.3,44.67,43.52,"3.21K","2,57%"
"12/23/2016",43.53,43.51,44.1,43.51,"0.58K","-0,50%"
"12/22/2016",43.75,45.5,45.5,43.51,"4.14K","-2,78%"
"12/21/2016",45,46.5,46.5,42.55,"32.68K","-3,41%"
"12/20/2016",46.59,47.84,47.84,46.15,"11.90K","-2,69%"
"12/19/2016",47.88,46.74,47.91,46.73,"6.96K","3,75%"
"12/16/2016",46.15,46,46.84,45.84,"7.31K","1,72%"
"12/15/2016",45.37,44.99,47.49,44.38,"14.35K","1,02%"
"12/14/2016",44.91,45.8,45.89,44.4,"9.92K","-1,88%"
"12/13/2016",45.77,45.67,45.89,45,"10.17K","0,09%"
"12/12/2016",45.73,45.65,45.9,45.53,"3.86K","0,29%"
"12/09/2016",45.6,45.9,45.9,44.75,"10.65K","1,56%"
"12/08/2016",44.9,45.5,45.84,44,"13.77K","-2,16%"
"12/07/2016",45.89,45.3,45.95,45.26,"8.75K","1,41%"
"12/06/2016",45.25,45,45.47,44.61,"15.10K","0,89%"
"12/05/2016",44.85,42.49,44.9,42.4,"11.71K","5,23%"
"12/02/2016",42.62,43.1,43.6,42.31,"9.64K","-2,00%"
"12/01/2016",43.49,41.2,43.6,39.45,"34.37K","18,50%"
"11/30/2016",36.7,36.8,36.8,35.5,"12.99K","-1,08%"
"11/29/2016",37.1,37.99,37.99,36.84,"3.29K","-2,37%"
"11/28/2016",38,38.1,38.1,37.5,"1.68K","0,53%"
"11/25/2016",37.8,38,38.1,37.41,"6.94K","-0,53%"
"11/24/2016",38,38.5,38.5,37.58,"3.86K","0,26%"
"11/23/2016",37.9,39.95,39.95,37.75,"11.27K","-4,05%"
"11/22/2016",39.5,39.51,40.04,39.4,"8.76K","-1,25%"
"11/21/2016",40,40.4,40.4,39.99,"1.38K","0,00%"
"11/18/2016",40,40.38,40.38,39.02,"1.09K","-0,92%"
"11/17/2016",40.37,40.99,40.99,39.8,"1.37K","-1,42%"
"11/16/2016",40.95,38.6,41,38.6,"8.20K","2,38%"
"11/15/2016",40,40.9,40.9,39.56,"3.43K","-2,06%"
"11/14/2016",40.84,40.82,41.5,39.52,"9.43K","2,25%"
"11/11/2016",39.94,41,41,39.7,"2.78K","-2,59%"
"11/10/2016",41,41,41.5,40.49,"5.03K","0,05%"
"11/09/2016",40.98,39.25,40.98,37,"12.93K","4,51%"
"11/08/2016",39.21,39.69,39.8,38.77,"5.23K","-1,21%"
"11/07/2016",39.69,39.13,40.05,38.62,"5.96K","1,51%"
"11/04/2016",39.1,40,40.4,38.1,"6.99K","-2,37%"
"11/03/2016",40.05,39.5,40.06,39.3,"3.75K","2,43%"
"11/02/2016",39.1,38.5,41,37.62,"20.30K","-1,24%"
"11/01/2016",39.59,42.58,42.58,39.4,"8.25K","-6,03%"
"10/31/2016",42.13,42.15,43.5,39.3,"22.33K","-1,57%"
"10/28/2016",42.8,44.3,44.3,42.8,"5.77K","-2,39%"
"10/27/2016",43.85,44,44.9,43.85,"3.54K","1,93%"
"10/26/2016",43.02,42.84,43.68,41.75,"3.03K","2,11%"
"10/25/2016",42.13,43.88,46.75,41.94,"21.88K","-2,27%"
"10/24/2016",43.11,42.76,44,41.98,"11.86K","4,38%"
"10/21/2016",41.3,41.65,41.8,41.3,"5.47K","1,10%"
"10/20/2016",40.85,40.5,41.5,40.3,"7.10K","4,10%"
"10/19/2016",39.24,41.19,42.38,38.71,"15.97K","-2,87%"
"10/18/2016",40.4,39.49,40.53,39.39,"10.80K","4,04%"
"10/17/2016",38.83,36.8,39.34,36.8,"7.04K","3,55%"
"10/14/2016",37.5,37.77,37.8,37.35,"2.42K","0,21%"
"10/13/2016",37.42,37.28,38,37.28,"2.77K","1,68%"
"10/12/2016",36.8,37.6,38,36.63,"6.53K","-0,03%"
"10/11/2016",36.81,37.65,37.65,36.1,"5.44K","3,69%"
"10/10/2016",35.5,36.19,37.66,35.5,"8.24K","-1,77%"
"10/07/2016",36.14,35.94,36.2,35.5,"8.83K","3,70%"
"10/06/2016",34.85,33.51,36,33.51,"15.69K","4,50%"
"10/05/2016",33.35,32,33.4,32,"7.04K","6,72%"
"10/04/2016",31.25,32.1,32.24,31.25,"6.45K","-1,76%"
"09/30/2016",31.81,31.7,32.2,31.7,"1.82K","0,03%"
"09/29/2016",31.8,32.1,32.1,31.8,"2.19K","-0,50%"
"09/28/2016",31.96,31.8,32.4,31.8,"4.61K","-0,19%"
"09/27/2016",32.02,31.62,32.02,31.62,"1.55K","1,01%"
"09/26/2016",31.7,32.5,32.5,31.7,"4.15K","-0,72%"
"09/23/2016",31.93,32.3,32.5,31.91,"2.89K","-1,15%"
"09/22/2016",32.3,31.62,32.4,31.62,"1.20K","0,94%"
"09/21/2016",32,32.1,32.5,31.41,"4.63K","-0,37%"
"09/20/2016",32.12,31.35,32.3,31.35,"0.59K","1,65%"
"09/19/2016",31.6,31.6,32.4,31.5,"2.21K","-1,56%"
"09/16/2016",32.1,31.8,32.49,31.8,"1.25K","0,63%"
"09/15/2016",31.9,30.52,32.5,30.52,"4.31K","3,47%"
"09/14/2016",30.83,31.95,31.95,30.83,"0.14K","-0,61%"
"09/13/2016",31.02,31,32,30.74,"6.20K","-1,52%"
"09/12/2016",31.5,31.8,32.2,31.45,"2.15K","-1,56%"
"09/09/2016",32,31.36,33.84,31.36,"9.29K","2,07%"
"09/08/2016",31.35,31.61,31.61,31.25,"2.10K","-0,79%"
"09/07/2016",31.6,31.5,31.8,31.16,"1.77K","-0,63%"
"09/06/2016",31.8,31.4,31.8,31.4,"1.49K","2,58%"
"09/05/2016",31,31.7,31.7,30.49,"4.14K","-1,59%"
"09/02/2016",31.5,31.7,31.79,31.2,"1.35K","-0,91%"
"09/01/2016",31.79,31.4,31.8,31.4,"2.62K","1,70%"
"08/31/2016",31.26,30.8,31.95,30.8,"5.59K","1,49%"
"08/30/2016",30.8,30.8,30.8,30.61,"3.31K","0,00%"
"08/29/2016",30.8,30.99,30.99,30.5,"1.42K","0,00%"
"08/26/2016",30.8,28.8,31,28.8,"11.58K","6,94%"
"08/25/2016",28.8,28.55,28.8,28.55,"2.49K","0,88%"
"08/24/2016",28.55,28.55,28.8,28.55,"0.90K","0,00%"
"08/23/2016",28.55,28.7,28.7,28.55,"1.06K","-0,73%"
"08/22/2016",28.76,28.5,28.76,28.5,"0.25K","1,16%"
"08/19/2016",28.43,28.8,28.8,28.43,"2.45K","-0,25%"
"08/18/2016",28.5,28.59,28.59,28.5,"0.19K","1,06%"
"08/17/2016",28.2,28.48,28.79,28.2,"0.70K","-1,02%"
"08/16/2016",28.49,28.5,29,27.59,"10.91K","-1,76%"
"08/15/2016",29,27.31,29.2,27.31,"6.42K","5,45%"
"08/12/2016",27.5,27.3,27.7,27.3,"2.14K","-0,33%"
"08/11/2016",27.59,27.5,27.59,27.5,"1.96K","1,40%"
"08/10/2016",27.21,27.12,27.36,27.12,"1.00K","0,78%"
"08/09/2016",27,27,27.1,27,"0.87K","0,90%"
"08/08/2016",26.76,27,27,26.75,"1.36K","-0,89%"
"08/05/2016",27,26.6,27,26.6,"2.16K","1,47%"
"08/04/2016",26.61,26.61,26.97,26.6,"0.53K","-1,44%"
"08/03/2016",27,26.85,27,26.34,"2.41K","1,54%"
"08/02/2016",26.59,26.48,26.59,26.48,"0.14K","-1,48%"
"08/01/2016",26.99,27.41,27.41,26.99,"0.71K","0,86%"
"07/29/2016",26.76,26.8,26.97,26.76,"0.32K","-0,96%"
"07/28/2016",27.02,26.71,27.5,26.71,"0.47K","-1,13%"
"07/27/2016",27.33,26.98,27.33,26.98,"1.66K","1,22%"
"07/25/2016",27,26.99,27,26.99,"0.50K","1,50%"
"07/22/2016",26.6,27.43,27.43,26.6,"1.84K","-3,24%"
"07/21/2016",27.49,27.5,27.5,26.75,"3.65K","0,33%"
"07/20/2016",27.4,27.45,27.45,27.4,"0.02K","1,11%"
"07/19/2016",27.1,27.49,27.49,27.1,"2.24K","-1,42%"
"07/18/2016",27.49,27.5,27.5,27.49,"0.66K","1,40%"
"07/15/2016",27.11,27.66,27.66,27.11,"0.02K","0,04%"
"07/14/2016",27.1,27.83,27.83,27.1,"0.07K","-1,09%"
"07/12/2016",27.4,27.75,27.75,27.3,"1.92K","0,15%"
"07/11/2016",27.36,26.98,27.36,26.71,"0.62K","4,23%"
"07/08/2016",26.25,26.33,26.33,26.25,"4.33K","0,08%"
"07/07/2016",26.23,25.87,26.23,25.87,"1.13K","3,19%"
"07/06/2016",25.42,25.43,25.5,25.42,"1.76K","-2,04%"
"07/05/2016",25.95,26,26,25.79,"1.91K","0,19%"
"07/04/2016",25.9,26.2,26.22,25.9,"1.70K","-0,58%"
"07/01/2016",26.05,26.44,26.44,25.93,"0.87K","-1,70%"
"06/30/2016",26.5,26,26.5,25.95,"3.32K","2,63%"
"06/29/2016",25.82,26.5,26.5,25.82,"2.79K","-2,31%"
"06/28/2016",26.43,26.4,26.45,26.02,"4.39K","2,60%"
"06/27/2016",25.76,26,27,25.5,"3.75K","-0,92%"
"06/24/2016",26,25.8,27.15,25.56,"4.75K","-4,41%"
"06/23/2016",27.2,27,27.59,27,"0.81K","-1,41%"
"06/22/2016",27.59,27.36,27.59,27,"5.67K","2,30%"
"06/21/2016",26.97,27.3,27.37,26.97,"5.61K","-0,85%"
"06/20/2016",27.2,27.05,27.25,26.8,"2.58K","0,37%"
"06/17/2016",27.1,26.99,27.1,26.45,"1.56K","2,34%"
"06/16/2016",26.48,26.98,26.98,26.16,"0.64K","-1,96%"
"06/15/2016",27.01,26.74,27.5,26.73,"5.02K","2,66%"
"06/14/2016",26.31,26.28,26.5,25.56,"6.90K","-1,79%"
"06/13/2016",26.79,27.39,27.39,26.66,"1.08K","-1,51%"
"06/10/2016",27.2,27.83,27.83,26.82,"2.83K","-0,51%"
"06/09/2016",27.34,28,28,27.33,"1.39K","-2,36%"
"06/08/2016",28,27.7,28,27.6,"4.03K","0,90%"
"06/07/2016",27.75,27.66,28,27.28,"4.00K","0,95%"
"06/06/2016",27.49,27.8,27.8,27.1,"2.92K","-0,04%"
"06/03/2016",27.5,27.79,27.8,27.11,"5.19K","-0,87%"
"06/02/2016",27.74,27.5,27.75,27.02,"3.71K","0,87%"
"06/01/2016",27.5,27.7,27.7,27.17,"2.70K","-0,36%"
"05/31/2016",27.6,27.4,27.68,26.75,"5.90K","0,99%"
"05/30/2016",27.33,28.49,28.7,26.15,"32.08K","-4,57%"
"05/27/2016",28.64,28.45,28.7,28.27,"2.11K","0,56%"
"05/26/2016",28.48,28.48,28.48,28.3,"0.40K","0,78%"
"05/25/2016",28.26,27.7,28.3,27.54,"5.36K","3,14%"
"05/24/2016",27.4,27,27.4,27,"5.54K","2,81%"
"05/23/2016",26.65,26.78,26.88,26.65,"5.02K","-0,86%"
"05/20/2016",26.88,25.86,26.88,25.71,"5.33K","3,42%"
"05/19/2016",25.99,26.2,26.2,25.04,"0.85K","-0,80%"
"05/18/2016",26.2,25.5,26.2,25.26,"2.00K","0,00%"
"05/17/2016",26.2,26,26.2,25.9,"1.66K","1,35%"
"05/13/2016",25.85,26,26.05,25.85,"2.52K","0,74%"
"05/12/2016",25.66,25.5,26.2,25.02,"4.27K","2,64%"
"05/11/2016",25,25.81,25.81,25,"1.83K","-1,57%"
"05/10/2016",25.4,24.98,26.2,24.98,"7.86K","2,42%"
"05/09/2016",24.8,23.9,24.98,23.9,"8.90K","5,62%"
"05/06/2016",23.48,23.89,24,23.48,"4.74K","-2,17%"
"05/05/2016",24,23.99,24,23.99,"0.55K","1,14%"
"05/04/2016",23.73,23,24,23,"8.12K","3,17%"
"05/03/2016",23,23.27,23.27,22.73,"1.38K","-2,34%"
"05/02/2016",23.55,23.5,23.7,23.31,"5.00K","0,43%"
"04/29/2016",23.45,23.02,23.45,23.02,"0.03K","-0,21%"
"04/28/2016",23.5,23.5,23.5,23.5,"0.08K","0,00%"
"04/27/2016",23.5,23.5,23.5,23.5,"0.05K","0,00%"
"04/26/2016",23.5,23.35,23.5,23.35,"1.63K","0,04%"
"04/25/2016",23.49,23.5,23.5,23.35,"1.47K","-0,04%"
"04/22/2016",23.5,23.5,23.5,23.5,"0.01K","1,38%"
"04/21/2016",23.18,23.5,23.5,22.9,"4.66K","-1,36%"
"04/20/2016",23.5,23.5,23.5,23.5,"1.33K","0,00%"
"04/19/2016",23.5,23.48,23.8,23.48,"2.61K","-1,63%"
"04/18/2016",23.89,23.92,23.95,23.45,"1.48K","-0,25%"
"04/15/2016",23.95,23.36,23.95,23.3,"1.81K","2,35%"
"04/14/2016",23.4,23.5,23.5,23.4,"0.06K","0,00%"
"04/13/2016",23.4,23.6,23.6,23.4,"2.25K","-1,06%"
"04/12/2016",23.65,23.5,24,23.5,"10.29K","0,64%"
"04/11/2016",23.5,23,24,23,"2.93K","2,17%"
"04/08/2016",23,23.2,23.2,23,"1.47K","-0,39%"
"04/07/2016",23.09,23,23.09,22.95,"0.06K","1,18%"
"04/06/2016",22.82,22.64,22.98,22.6,"2.87K","0,18%"
"04/05/2016",22.78,23.4,23.4,22.76,"1.73K","-2,65%"
"04/04/2016",23.4,24,24,23.11,"3.27K","-2,09%"
"04/01/2016",23.9,24,24,23.86,"1.39K","-0,42%"
"03/31/2016",24,23.98,24,23.98,"1.04K","0,08%"
"03/30/2016",23.98,24,24.1,23.98,"12.06K","1,31%"
"03/29/2016",23.67,23.8,24.1,23.67,"10.14K","-0,96%"
"03/24/2016",23.9,23.69,23.9,23.6,"1.21K","1,10%"
"03/23/2016",23.64,23.94,23.94,23.64,"0.34K","-0,67%"
"03/22/2016",23.8,23.8,23.8,23.8,"0.18K","0,85%"
"03/21/2016",23.6,23.6,23.99,23.6,"1.99K","-1,67%"
"03/18/2016",24,24,24,23.95,"0.25K","0,00%"
"03/17/2016",24,24,24,24,"2.95K","0,08%"
"03/16/2016",23.98,23.99,23.99,23.45,"2.33K","-0,04%"
"03/15/2016",23.99,23.99,24,23.99,"1.13K","0,17%"
"03/14/2016",23.95,23.41,24.05,23.41,"7.55K","2,35%"
"03/11/2016",23.4,23.4,23.4,23.4,"0.25K","0,86%"
"03/10/2016",23.2,23.6,24,23.2,"2.39K","-1,57%"
"03/09/2016",23.57,23.57,23.57,23.57,"0.15K","0,30%"
"03/08/2016",23.5,23.2,23.8,23.2,"0.69K","0,00%"
"03/07/2016",23.5,23.1,23.5,22.75,"2.01K","2,09%"
"03/04/2016",23.02,23.05,23.05,23.02,"0.37K","0,09%"
"03/03/2016",23,23,23,22,"1.22K","0,88%"
"03/02/2016",22.8,23.8,23.8,22.4,"3.91K","-4,20%"
"03/01/2016",23.8,23.6,23.8,23.31,"1.38K","0,85%"
"02/29/2016",23.6,23.6,23.6,23.6,"0.13K","0,00%"
"02/26/2016",23.6,24,24,23.6,"2.81K","-1,38%"
"02/25/2016",23.93,22.8,24,22.68,"2.84K","4,96%"
"02/24/2016",22.8,23,23,22.09,"2.00K","-0,83%"
"02/23/2016",22.99,21.8,23.32,21.8,"4.59K","5,46%"
"02/22/2016",21.8,21.65,21.8,21.65,"0.80K","0,69%"
"02/19/2016",21.65,21.62,21.65,21.5,"0.92K","0,00%"
"02/18/2016",21.65,21.15,22,21.15,"1.42K","-1,10%"
"02/17/2016",21.89,21.59,21.89,21.59,"0.56K","1,39%"
"02/16/2016",21.59,21.57,21.59,21.12,"0.16K","0,94%"
"02/15/2016",21.39,20.4,21.95,20.4,"1.05K","4,96%"
"02/12/2016",20.38,20,20.38,19.52,"1.53K","-0,59%"
"02/11/2016",20.5,20.5,20.5,19.4,"5.91K","-2,29%"
"02/10/2016",20.98,19.3,20.98,19.3,"6.32K","6,50%"
"02/09/2016",19.7,20.1,20.79,19.3,"6.03K","-6,19%"
"02/08/2016",21,21,21.49,20.97,"2.47K","0,00%"
"02/05/2016",21,21.48,21.48,21,"1.04K","-2,23%"
"02/04/2016",21.48,21.48,21.48,21.48,"0.03K","-2,36%"
"02/03/2016",22,21.6,22,21.6,"0.03K","0,41%"
"02/02/2016",21.91,21.91,21.91,21.48,"1.26K","0,05%"
"02/01/2016",21.9,21.6,21.95,21.6,"0.32K","2,82%"
"01/29/2016",21.3,21.96,22,21.04,"1.53K","-2,07%"
"01/28/2016",21.75,21.75,21.75,21.04,"0.70K","0,00%"
"01/27/2016",21.75,21.25,21.77,21.25,"1.03K","0,83%"
"01/25/2016",21.57,21.16,21.57,21.04,"0.53K","3,26%"
"01/22/2016",20.89,20.89,21.59,20.4,"2.85K","6,47%"
"01/21/2016",19.62,20.16,20.59,19.61,"1.75K","-5,94%"
"01/20/2016",20.86,19.2,20.95,18.52,"4.08K","-1,70%"
"01/19/2016",21.22,20,22.2,20,"3.21K","8,99%"
"01/18/2016",19.47,20.5,20.73,19.2,"4.22K","-6,39%"
"01/15/2016",20.8,22.29,22.74,20,"3.05K","-8,49%"
"01/14/2016",22.73,22.09,22.73,21.75,"0.72K","0,00%"
"01/13/2016",22.73,22.85,22.85,22.11,"0.60K","-0,53%"
"01/12/2016",22.85,22.65,22.85,22.55,"0.30K","1,74%"
"01/11/2016",22.46,22.73,22.91,22.12,"1.85K","0,72%"
"01/08/2016",22.3,22.44,22.79,21.82,"1.38K","1,87%"
"01/07/2016",21.89,22.79,22.79,20.8,"2.81K","-3,95%"
"01/06/2016",22.79,23.02,23.02,22.39,"1.77K","0,40%"
"01/05/2016",22.7,22.5,22.7,22.5,"0.15K","2,48%"
"01/04/2016",22.15,24,24,22.11,"7.14K","-7,98%"
"12/30/2015",24.07,25,25,23.9,"1.99K","-2,15%"
"12/29/2015",24.6,23.95,25.5,23.26,"8.57K","3,27%"
"12/28/2015",23.82,24.3,24.3,23.82,"0.11K","-0,54%"
"12/23/2015",23.95,23.95,23.95,23.95,"0.77K","3,01%"
"12/22/2015",23.25,24.02,24.23,23.2,"3.98K","-3,04%"
"12/21/2015",23.98,23.54,24.9,23.5,"1.70K","-0,83%"
"12/18/2015",24.18,24.77,24.91,23.96,"3.44K","-3,28%"
"12/17/2015",25,25,25.26,24,"2.38K","4,17%"
"12/16/2015",24,24,24.2,23.79,"2.54K","1,65%"
"12/15/2015",23.61,24.27,24.5,22.01,"21.57K","-2,68%"
"12/14/2015",24.26,24.79,24.79,24,"3.64K","-0,53%"
"12/11/2015",24.39,25.2,25.2,24.39,"0.96K","-2,44%"
"12/10/2015",25,25.2,25.23,23.95,"2.70K","-0,99%"
"12/09/2015",25.25,23,26.7,23,"12.26K","5,69%"
"12/08/2015",23.89,25.4,25.5,23.89,"4.75K","-3,71%"
"12/07/2015",24.81,24.8,25,23.9,"8.14K","2,78%"
"12/04/2015",24.14,24.47,24.5,23.89,"2.44K","-1,35%"
"12/03/2015",24.47,24.5,24.5,24.47,"0.64K","-0,37%"
"12/02/2015",24.56,23.2,25,23.2,"9.46K","5,77%"
"12/01/2015",23.22,24.83,24.86,23.22,"3.81K","-7,12%"
"11/30/2015",25,24.8,25,24.8,"0.74K","1,42%"
"11/27/2015",24.65,25,25.84,24.4,"5.80K","-0,60%"
"11/26/2015",24.8,22.7,25.45,22.19,"11.95K","9,25%"
"11/25/2015",22.7,22.15,22.7,21.91,"0.49K","4,61%"
"11/24/2015",21.7,21.7,22.27,21.6,"2.17K","-2,56%"
"11/23/2015",22.27,22.6,23.02,22.27,"3.81K","-4,01%"
"11/20/2015",23.2,23.1,23.2,22.6,"0.31K","-0,98%"
"11/19/2015",23.43,23.39,24.45,22.8,"9.48K","0,99%"
"11/18/2015",23.2,23.88,24.69,21.71,"7.66K","-0,43%"
"11/17/2015",23.3,22.84,27.49,22,"4.12K","4,25%"
"11/16/2015",22.35,21.55,22.35,21.55,"1.07K","3,95%"
"11/13/2015",21.5,21.89,22.49,21.3,"3.96K","-0,46%"
"11/12/2015",21.6,21.5,22.27,21.5,"6.71K","0,98%"
"11/11/2015",21.39,19.75,22.7,19.75,"14.49K","9,69%"
"11/10/2015",19.5,19.5,20.1,19.5,"4.41K","2,25%"
"11/09/2015",19.07,19.35,19.35,19.07,"0.75K","-1,95%"
"11/06/2015",19.45,19.61,19.61,19.45,"1.21K","-0,26%"
"11/04/2015",19.5,19.74,19.75,19.5,"3.47K","0,46%"
"11/03/2015",19.41,19.41,19.41,19.41,"0.40K","0,26%"
"11/02/2015",19.36,18.79,20.7,18.79,"6.73K","3,09%"
"10/30/2015",18.78,18.31,18.78,18.31,"1.23K","-0,90%"
"10/29/2015",18.95,18.75,19,18.75,"1.00K","2,99%"
"10/28/2015",18.4,18.4,18.4,18.4,"0.38K","0,00%"
"10/27/2015",18.4,18.36,18.41,18.36,"0.54K","0,49%"
"10/26/2015",18.31,18.5,18.5,18.2,"3.64K","-2,55%"
"10/23/2015",18.79,18.65,18.79,18.65,"0.51K","0,00%"
"10/21/2015",18.79,18.65,18.79,18.65,"1.20K","1,29%"
"10/20/2015",18.55,18.91,18.91,18.55,"2.06K","-3,23%"
"10/19/2015",19.17,18.91,19.17,18.91,"1.89K","-0,73%"
"10/16/2015",19.31,19.31,19.31,19.31,"0.10K","0,26%"
"10/15/2015",19.26,18.7,19.26,18.7,"0.52K","1,10%"
"10/14/2015",19.05,19.05,19.05,19.05,"0.00K","0,00%"
"10/12/2015",19.05,18.91,19.05,18.91,"2.25K","-1,55%"
"10/09/2015",19.35,19.3,19.38,18.92,"0.38K","2,87%"
"10/08/2015",18.81,19.36,19.36,18.81,"0.22K","0,05%"
"10/07/2015",18.8,18.8,18.8,18.8,"0.25K","-3,04%"
"10/06/2015",19.39,19.49,19.5,19.39,"1.13K","0,05%"
"10/05/2015",19.38,19.5,19.5,19.38,"5.27K","0,16%"
"10/02/2015",19.35,19.35,19.35,19.35,"0.25K","0,78%"
"09/30/2015",19.2,18.7,19.2,18.7,"3.92K","2,67%"
"09/29/2015",18.7,18.47,18.73,18.47,"3.81K","1,25%"
"09/28/2015",18.47,18.65,18.65,18.47,"1.13K","-0,97%"
"09/25/2015",18.65,18.2,18.9,18.2,"2.64K","3,61%"
"09/24/2015",18,18.35,18.35,18,"0.55K","-4,46%"
"09/23/2015",18.84,18.7,18.91,18.7,"2.46K","0,00%"
"09/22/2015",18.84,18.58,18.84,18.58,"0.05K","0,00%"
"09/21/2015",18.84,19.4,19.43,18.84,"0.52K","-0,84%"
"09/18/2015",19,19,19,19,"0.29K","-1,04%"
"09/17/2015",19.2,18.3,19.2,18.3,"2.60K","4,92%"
"09/16/2015",18.3,18.3,18.3,18.3,"0.20K","-0,60%"
"09/15/2015",18.41,18.41,18.41,18.38,"5.97K","-1,81%"
"09/14/2015",18.75,18.93,18.93,18.75,"3.48K","-2,60%"
"09/11/2015",19.25,19.1,19.25,18.92,"0.37K","1,32%"
"09/10/2015",19,18.98,19,18.98,"0.07K","-2,06%"
"09/09/2015",19.4,19.48,19.48,18.95,"3.14K","-0,41%"
"09/08/2015",19.48,19.48,19.48,19.48,"0.06K","1,09%"
"09/07/2015",19.27,19.3,19.3,19.27,"0.16K","1,69%"
"09/04/2015",18.95,18.93,18.95,18.7,"0.09K","1,66%"
"09/03/2015",18.64,18.64,18.64,18.64,"0.02K","0,00%"
"09/01/2015",18.64,19.17,19.17,18.64,"1.55K","-0,96%"
"08/31/2015",18.82,18.45,18.82,18.45,"0.77K","2,39%"
"08/28/2015",18.38,19.5,19.5,18.38,"1.58K","-4,32%"
"08/27/2015",19.21,19.45,19.45,18.89,"2.29K","1,69%"
"08/26/2015",18.89,18,19.5,18,"3.39K","5,24%"
"08/25/2015",17.95,16.8,17.95,16.8,"2.75K","7,29%"
"08/24/2015",16.73,18.1,19,16.66,"12.24K","-12,68%"
"08/21/2015",19.16,19,19.2,18.98,"1.71K","0,00%"
"08/20/2015",19.16,19.89,19.89,19.16,"2.90K","-2,24%"
"08/19/2015",19.6,19.14,19.8,19.08,"1.97K","3,70%"
"08/18/2015",18.9,18.98,18.98,18.9,"1.90K","-1,66%"
"08/17/2015",19.22,19,19.83,18.98,"9.80K","1,69%"
"08/14/2015",18.9,19,19,18.9,"0.12K","-0,53%"
"08/13/2015",19,18.21,19,18.21,"3.75K","3,32%"
"08/12/2015",18.39,18.5,18.5,18.15,"3.80K","-1,39%"
"08/11/2015",18.65,18.65,18.65,18.65,"0.00K","0,00%"
"08/10/2015",18.65,18.65,18.65,18.65,"1.00K","-0,80%"
"08/07/2015",18.8,18.8,18.8,18.5,"0.73K","1,08%"
"08/06/2015",18.6,18.61,18.61,18.6,"0.73K","-0,53%"
"08/05/2015",18.7,18.7,18.7,18.7,"0.20K","0,54%"
"08/04/2015",18.6,18.6,18.6,18.6,"0.39K","0,00%"
"08/03/2015",18.6,18.6,18.6,18.6,"0.11K","-0,53%"
"07/31/2015",18.7,18.7,18.7,18.7,"0.10K","1,36%"
"07/30/2015",18.45,18.65,18.65,18.45,"1.80K","-0,81%"
"07/29/2015",18.6,18.61,18.61,18.6,"0.24K","-0,53%"
"07/28/2015",18.7,18.7,18.7,18.7,"0.10K","-0,27%"
"07/27/2015",18.75,18.79,18.93,18.75,"2.75K","-1,57%"
"07/24/2015",19.05,19.05,19.05,19.05,"0.02K","0,00%"
"07/23/2015",19.05,18.8,19.05,18.8,"0.50K","1,38%"
"07/21/2015",18.79,19.05,19.05,18.79,"0.88K","-0,53%"
"07/20/2015",18.89,18.8,19.21,18.8,"2.25K","2,66%"
"07/16/2015",18.4,18.45,18.71,18.39,"6.11K","-0,27%"
"07/14/2015",18.45,18.45,18.45,18.45,"0.12K","0,27%"
"07/13/2015",18.4,18.23,18.4,17.98,"0.78K","0,55%"
"07/10/2015",18.3,18.24,18.39,17.95,"0.46K","0,00%"
"07/09/2015",18.3,18.09,18.3,18.09,"0.36K","1,10%"
"07/08/2015",18.1,17.95,18.1,17.91,"0.17K","1,06%"
"07/07/2015",17.91,18,18,17.91,"0.72K","0,00%"
"07/06/2015",17.91,17.91,17.91,17.91,"0.45K","0,06%"
"07/03/2015",17.9,17.93,18,17.85,"0.26K","-0,56%"
"07/02/2015",18,18.3,18.3,18,"0.12K","-1,91%"
"07/01/2015",18.35,18.34,18.39,18.34,"0.57K","1,61%"
"06/30/2015",18.06,18.1,18.1,18,"0.11K","-1,31%"
"06/29/2015",18.3,17,18.3,16.57,"6.16K","-0,81%"
"06/26/2015",18.45,18.45,18.45,18.45,"0.15K","0,00%"
"06/25/2015",18.45,18.39,18.45,18.39,"1.17K","0,00%"
"06/24/2015",18.45,18.45,18.45,18.18,"0.23K","0,27%"
"06/23/2015",18.4,17.95,18.4,17.91,"1.33K","2,22%"
"06/22/2015",18,18,18,18,"0.44K","-1,10%"
"06/19/2015",18.2,18.45,18.45,18.2,"0.92K","-1,36%"
"06/18/2015",18.45,19.09,19.09,18.3,"5.57K","-3,91%"
"06/17/2015",19.2,19.2,19.2,18.9,"1.90K","1,64%"
"06/16/2015",18.89,18.51,19.25,18.51,"3.76K","2,05%"
"06/15/2015",18.51,19.39,19.85,18.4,"4.15K","-2,68%"
"06/12/2015",19.02,17.9,19.02,17.9,"14.12K","6,26%"
"06/11/2015",17.9,17.86,17.9,17.6,"2.64K","0,85%"
"06/10/2015",17.75,17.99,17.99,17.66,"5.29K","-1,33%"
"06/09/2015",17.99,17.89,18,17.75,"7.98K","0,56%"
"06/08/2015",17.89,18,18,17.75,"3.98K","1,07%"
"06/05/2015",17.7,17.56,17.94,17.4,"8.26K","0,80%"
"06/04/2015",17.56,17.87,17.87,17.55,"10.93K","-0,45%"
"06/03/2015",17.64,17.32,18,16.85,"2.72K","1,79%"
"06/02/2015",17.33,17.54,17.54,17,"3.85K","-0,12%"
"06/01/2015",17.35,16.55,17.35,16.5,"12.99K","7,43%"
"05/29/2015",16.15,16.15,16.2,16.15,"0.35K","0,00%"
"05/28/2015",16.15,16.1,16.2,16.09,"1.68K","0,94%"
"05/26/2015",16,16,16,15.8,"2.03K","0,00%"
"05/22/2015",16,15.99,16,15.99,"0.18K","0,57%"
"05/21/2015",15.91,15.91,15.91,15.91,"0.50K","0,00%"
"05/20/2015",15.91,15.91,15.92,15.91,"1.65K","-0,56%"
"05/19/2015",16,16,16.1,16,"0.22K","-0,62%"
"05/18/2015",16.1,15.99,16.1,15.99,"0.43K","0,63%"
"05/15/2015",16,15.96,16.18,15.8,"1.48K","-1,17%"
"05/13/2015",16.19,16.11,16.21,15.95,"2.90K","-0,06%"
"05/12/2015",16.2,16.2,16.2,16.2,"0.10K","0,00%"
"05/11/2015",16.2,16.2,16.21,16.11,"0.37K","0,00%"
"05/08/2015",16.2,16.13,16.2,16.12,"0.88K","0,12%"
"05/07/2015",16.18,16.13,16.18,16.13,"1.49K","0,31%"
"05/06/2015",16.13,16.2,16.2,16.13,"0.41K","-0,49%"
"05/05/2015",16.21,16.16,16.21,16.14,"2.40K","0,50%"
"05/04/2015",16.13,16,16.16,16,"1.18K","1,38%"
"04/29/2015",15.91,16,16,15.91,"0.63K","-1,12%"
"04/28/2015",16.09,16.3,16.4,16.09,"4.23K","-1,29%"
"04/27/2015",16.3,16.4,16.4,16.22,"1.35K","-0,61%"
"04/24/2015",16.4,15.95,16.4,15.6,"5.13K","2,82%"
"04/23/2015",15.95,15.95,15.95,15.9,"0.63K","0,00%"
"04/22/2015",15.95,15.7,15.95,15.7,"0.81K","0,00%"
"04/20/2015",15.95,15.99,16,15.95,"4.73K","0,00%"
"04/17/2015",15.95,16,16.1,15.95,"1.63K","-0,31%"
"04/16/2015",16,15.99,16.45,15.95,"9.03K","0,00%"
"04/15/2015",16,15.99,16,15.75,"1.26K","0,00%"
"04/14/2015",16,15.57,16,15.57,"4.80K","2,43%"
"04/13/2015",15.62,16.2,16.2,15.55,"2.72K","-1,70%"
"04/10/2015",15.89,15.34,16.75,15.34,"7.70K","3,59%"
"04/09/2015",15.34,14.84,15.36,14.84,"5.35K","5,87%"
"04/08/2015",14.49,14.2,14.77,14.2,"6.95K","2,04%"
"04/07/2015",14.2,14,14.2,14,"1.17K","-0,35%"
"04/02/2015",14.25,14.24,14.25,14.24,"1.50K","0,00%"
"04/01/2015",14.25,13.95,14.32,13.95,"0.25K","1,71%"
"03/31/2015",14.01,14.01,14.01,14.01,"0.20K","-0,50%"
"03/30/2015",14.08,14.23,14.35,14.08,"2.37K","-0,14%"
"03/27/2015",14.1,14.1,14.11,14.1,"0.50K","0,71%"
"03/26/2015",14,13.9,14,13.9,"3.06K","-1,41%"
"03/24/2015",14.2,13.99,14.2,13.99,"1.42K","0,78%"
"03/23/2015",14.09,14.08,14.1,14.08,"0.35K","-0,07%"
"03/20/2015",14.1,13.8,14.1,13.8,"0.11K","0,71%"
"03/19/2015",14,14,14,13.75,"0.72K","0,86%"
"03/18/2015",13.88,13.76,14.06,13.59,"2.40K","1,68%"
"03/17/2015",13.65,14,14.1,13.65,"3.07K","-2,50%"
"03/16/2015",14,14,14.01,13.96,"2.42K","-2,10%"
"03/13/2015",14.3,14,14.3,14,"1.70K","0,70%"
"03/12/2015",14.2,14.2,14.2,14.2,"0.02K","0,71%"
"03/11/2015",14.1,14.1,14.1,14.1,"0.19K","0,71%"
"03/10/2015",14,13.85,14,13.85,"1.20K","1,74%"
"03/09/2015",13.76,14.24,14.24,13.76,"2.01K","-1,08%"
"03/06/2015",13.91,14.25,14.5,13.91,"1.69K","-2,39%"
"03/05/2015",14.25,14.1,14.25,14.1,"0.54K","1,79%"
"03/04/2015",14,14.22,14.23,13.9,"0.44K","-1,75%"
"03/03/2015",14.25,14.2,14.25,14.2,"0.22K","1,79%"
"03/02/2015",14,14.25,14.25,13.76,"1.77K","-1,75%"
"02/27/2015",14.25,14.25,14.25,14.25,"0.10K","1,42%"
"02/26/2015",14.05,13.99,14.1,13.8,"0.42K","1,81%"
"02/24/2015",13.8,13.95,13.99,13.8,"0.64K","-1,36%"
"02/23/2015",13.99,13.96,13.99,13.96,"0.62K","-0,71%"
"02/19/2015",14.09,14.02,14.09,13.86,"1.45K","0,64%"
"02/18/2015",14,14,14,14,"0.14K","-1,41%"
"02/17/2015",14.2,14.24,14.25,14.2,"0.23K","-0,35%"
"02/16/2015",14.25,14.25,14.25,14.25,"0.10K","-0,21%"
"02/13/2015",14.28,14.02,14.28,14.02,"0.68K","2,00%"
"02/12/2015",14,13.99,14.16,13.84,"9.79K","0,00%"
"02/11/2015",14,14.11,14.11,14,"1.07K","-2,51%"
"02/10/2015",14.36,14.05,14.39,14.05,"0.98K","1,84%"
"02/09/2015",14.1,14.29,14.29,14.01,"0.51K","-1,40%"
"02/06/2015",14.3,14.12,14.3,14.12,"8.81K","0,07%"
"02/05/2015",14.29,14.1,14.31,14.1,"2.95K","2,07%"
"02/04/2015",14,13.56,14.01,13.55,"3.12K","-0,36%"
"02/03/2015",14.05,13.51,14.49,13.51,"4.63K","5,16%"
"01/30/2015",13.36,13.79,13.79,13.33,"0.16K","-3,19%"
"01/29/2015",13.8,13.7,13.8,13.7,"2.48K","2,30%"
"01/28/2015",13.49,13.8,13.8,13.49,"1.47K","-2,81%"
"01/27/2015",13.88,13.79,14.15,13.79,"9.32K","1,02%"
"01/26/2015",13.74,12.99,13.74,12.99,"4.79K","6,84%"
"01/23/2015",12.86,13.05,13.05,12.86,"2.99K","-2,58%"
"01/22/2015",13.2,13.27,13.6,13.2,"0.62K","-2,15%"
"01/21/2015",13.49,13.21,13.49,13.2,"0.17K","2,66%"
"01/20/2015",13.14,13.6,13.6,13.01,"2.49K","-2,95%"
"01/19/2015",13.54,13.58,13.79,13.36,"0.73K","-0,51%"
"01/16/2015",13.61,13.58,13.61,13.49,"0.88K","0,96%"
"01/15/2015",13.48,13.4,13.48,13.4,"0.50K","1,35%"
"01/14/2015",13.3,13.3,13.3,13.3,"1.05K","0,53%"
"01/13/2015",13.23,13.01,13.6,12.8,"5.18K","2,48%"
"01/12/2015",12.91,13.24,13.25,12.91,"0.32K","-0,84%"
"01/09/2015",13.02,13.36,13.36,12.9,"3.35K","-2,33%"
"01/08/2015",13.33,13.29,13.33,13.29,"1.40K","1,68%"
"01/07/2015",13.11,13.11,13.11,13.11,"0.02K","0,54%"
"01/06/2015",13.04,13.04,13.04,13.04,"1.01K","-1,36%"
"01/05/2015",13.22,13.47,13.48,13.22,"2.07K","-1,71%"
"01/02/2015",13.45,13.27,13.45,13.27,"1.07K","-0,30%"
"12/30/2014",13.49,13.22,13.5,13.22,"2.39K","-0,74%"
"12/29/2014",13.59,13.65,13.65,13.22,"1.63K","-2,09%"
"12/23/2014",13.88,13.88,13.88,13.88,"0.10K","1,68%"
"12/22/2014",13.65,13.45,13.65,13.45,"1.52K","1,49%"
"12/19/2014",13.45,13.66,13.7,13.13,"1.57K","-0,37%"
"12/18/2014",13.5,12.8,13.5,12.8,"2.57K","6,30%"
"12/17/2014",12.7,12.5,12.7,12.5,"3.53K","-0,70%"
"12/16/2014",12.79,12.99,12.99,12.55,"1.00K","-1,62%"
"12/15/2014",13,13,13,13,"0.27K","0,00%"
"12/11/2014",13,12.7,13.1,12.7,"1.31K","-1,52%"
"12/10/2014",13.2,12.9,13.2,12.9,"0.35K","0,46%"
"12/08/2014",13.14,13.55,13.55,13.14,"1.11K","-3,38%"
"12/05/2014",13.6,13.6,13.6,13.6,"0.15K","3,42%"
"12/04/2014",13.15,13.97,13.97,13.15,"1.81K","-4,01%"
"12/03/2014",13.7,13.55,13.7,13.55,"0.55K","2,54%"
"12/02/2014",13.36,13.2,13.36,13.2,"0.34K","1,98%"
"12/01/2014",13.1,13.15,13.15,13.1,"0.35K","-0,76%"
"11/27/2014",13.2,13.2,13.2,12.91,"0.48K","0,00%"
"11/26/2014",13.2,13.12,13.2,13.12,"0.95K","6,45%"
"11/25/2014",12.4,12.36,12.5,12.35,"1.31K","-0,96%"
"11/21/2014",12.52,12.52,12.52,12.48,"1.23K","0,00%"
"11/20/2014",12.52,12.52,12.52,12.52,"0.07K","2,71%"
"11/18/2014",12.19,12.55,12.55,12.19,"2.20K","-0,33%"
"11/14/2014",12.23,12.23,12.23,12.23,"1.15K","-1,37%"
"11/13/2014",12.4,12.35,12.5,12.35,"0.40K","-0,80%"
"11/12/2014",12.5,12.5,12.5,12.5,"0.03K","0,00%"
"11/11/2014",12.5,12.11,12.5,12.11,"0.20K","-0,79%"
"11/07/2014",12.6,13,13,12.6,"0.73K","-2,33%"
"11/06/2014",12.9,12.9,12.9,12.9,"0.26K","0,00%"
"11/05/2014",12.9,12.8,12.9,12.71,"2.01K","-2,12%"
"11/04/2014",13.18,12.01,13.18,12,"3.01K","8,03%"
"10/31/2014",12.2,12.2,12.2,12.2,"0.47K","1,67%"
"10/30/2014",12,12,12,12,"0.20K","-3,23%"
"10/28/2014",12.4,12.4,12.4,12.4,"0.10K","3,33%"
"10/27/2014",12,12.2,12.2,12,"0.15K","-3,23%"
"10/24/2014",12.4,12.4,12.4,12.4,"0.65K","0,08%"
"10/23/2014",12.39,12.49,12.49,11.71,"1.84K","-0,08%"
"10/22/2014",12.4,12.31,12.89,12.31,"4.20K","1,64%"
"10/21/2014",12.2,12.05,12.2,12.05,"0.53K","4,27%"
"10/20/2014",11.7,11.7,11.7,11.7,"0.61K","0,00%"
"10/17/2014",11.7,10.81,11.7,10.5,"5.07K","8,33%"
"10/16/2014",10.8,10.5,10.8,10.5,"0.43K","3,95%"
"10/15/2014",10.39,10.65,10.65,10.39,"0.65K","-3,71%"
"10/14/2014",10.79,10.65,10.79,10.4,"1.69K","-2,00%"
"10/13/2014",11.01,10.68,11.01,10.68,"2.42K","-2,48%"
"10/10/2014",11.29,11.4,11.4,10.77,"3.04K","-2,34%"
"10/09/2014",11.56,11.56,11.56,11.56,"0.50K","0,52%"
"10/07/2014",11.5,11.5,11.5,11.5,"0.73K","-0,09%"
"10/06/2014",11.51,12.5,12.5,11.5,"5.36K","-6,65%"
"10/02/2014",12.33,12.32,12.33,12.32,"0.53K","-0,16%"
"09/30/2014",12.35,12.34,12.35,12.34,"0.01K","4,66%"
"09/29/2014",11.8,11.99,12.34,11.8,"6.10K","-7,74%"
"09/26/2014",12.79,12.79,12.79,12.79,"0.40K","3,98%"
"09/24/2014",12.3,12.28,12.3,12.28,"0.07K","-3,83%"
"09/19/2014",12.79,12.51,12.79,12.28,"1.10K","0,00%"
"09/18/2014",12.79,12.99,12.99,12.79,"0.12K","-1,62%"
"09/15/2014",13,13,13,13,"0.47K","1,40%"
"09/12/2014",12.82,12.82,12.82,12.82,"0.01K","-1,38%"
"09/11/2014",13,12.99,13,12.82,"0.61K","-2,55%"
"09/02/2014",13.34,13.34,13.34,13.34,"0.05K","0,00%"
"09/01/2014",13.34,13.34,13.34,13.34,"0.13K","0,00%"
"08/29/2014",13.34,13.05,13.34,13.05,"0.43K","-1,19%"
"08/28/2014",13.5,13.96,13.96,13.05,"2.84K","-0,74%"
"08/26/2014",13.6,13.59,13.6,13.59,"0.38K","4,62%"
"08/25/2014",13,13.13,13.13,13,"0.33K","-1,52%"
"08/22/2014",13.2,13.97,13.97,13.2,"1.05K","-3,30%"
"08/21/2014",13.65,14,14,13.65,"1.38K","4,76%"
"08/20/2014",13.03,13.73,13.73,12.89,"3.70K","1,16%"
"08/19/2014",12.88,12.71,13.3,12.71,"1.97K","2,96%"
"08/18/2014",12.51,11.95,12.51,11.95,"2.55K","6,02%"
"08/15/2014",11.8,11.71,11.8,11.7,"1.28K","0,00%"
"08/14/2014",11.8,11.86,11.94,11.8,"2.05K","0,51%"
"08/13/2014",11.74,11.74,11.74,11.74,"0.41K","0,34%"
"08/12/2014",11.7,11.72,11.72,11,"11.68K","-0,09%"
"08/11/2014",11.71,11.71,11.71,11.71,"0.30K","0,17%"
"08/08/2014",11.69,11.65,11.79,11.65,"1.96K","-2,50%"
"08/07/2014",11.99,11.99,11.99,11.99,"0.02K","2,92%"
"08/06/2014",11.65,11.65,11.66,11.65,"5.74K","-1,10%"
"08/05/2014",11.78,11.77,11.78,11.77,"0.60K","0,17%"
"08/04/2014",11.76,11.77,11.77,11.39,"1.72K","0,00%"
"08/01/2014",11.76,12.7,12.7,10.5,"17.85K","-7,40%"
"07/31/2014",12.7,12.71,12.71,12.7,"0.50K","-3,05%"
"07/30/2014",13.1,13.1,13.1,13.1,"0.05K","0,38%"
"07/28/2014",13.05,13.05,13.05,13.05,"0.10K","-0,38%"
"07/22/2014",13.1,13.44,13.44,13.04,"2.90K","-3,82%"
"07/18/2014",13.62,13.56,13.62,13.56,"1.32K","-0,87%"
"07/17/2014",13.74,13.68,13.77,13.42,"2.86K","1,85%"
"07/16/2014",13.49,12.77,14,12.77,"4.41K","4,98%"
"07/14/2014",12.85,12.6,12.85,12.6,"2.09K","0,47%"
"07/10/2014",12.79,12.5,12.79,12.49,"0.39K","1,03%"
"07/09/2014",12.66,12.37,12.66,12.37,"1.61K","2,93%"
"07/08/2014",12.3,13.29,13.5,12,"17.70K","-8,75%"
"07/07/2014",13.48,13.09,13.96,13.09,"9.55K","4,33%"
"07/04/2014",12.92,12.91,12.92,12.9,"1.28K","-0,62%"
"07/03/2014",13,13.2,13.2,13,"1.59K","-1,29%"
"07/02/2014",13.17,13.12,13.17,13.12,"0.31K","-0,98%"
"07/01/2014",13.3,13.68,13.69,13.29,"1.90K","-1,48%"
"06/30/2014",13.5,13.59,13.59,13.5,"1.35K","-1,10%"
"06/26/2014",13.65,13.66,13.66,13.65,"1.12K","-2,50%"
"06/25/2014",14,13.99,14,13.99,"0.48K","0,50%"
"06/24/2014",13.93,13.49,13.93,13.49,"1.67K","3,26%"
"06/23/2014",13.49,13,13.49,13,"0.47K","-0,88%"
"06/20/2014",13.61,13.61,13.61,13.61,"0.05K","3,11%"
"06/18/2014",13.2,13.51,13.61,13.2,"1.90K","-0,75%"
"06/17/2014",13.3,13.29,13.3,13.29,"0.70K","0,08%"
"06/16/2014",13.29,13,13.29,13,"0.95K","-1,56%"
"06/13/2014",13.5,13.5,13.5,13.5,"0.25K","0,75%"
"06/12/2014",13.4,13.24,13.4,13.24,"0.43K","-1,83%"
"06/11/2014",13.65,13.59,13.65,12.99,"10.81K","-0,94%"
"06/10/2014",13.78,14.29,14.35,13.55,"2.11K","-2,06%"
"06/09/2014",14.07,13.74,14.07,13.74,"2.00K","3,84%"
"06/06/2014",13.55,14.15,14.15,13.55,"5.29K","-5,57%"
"06/05/2014",14.35,14.2,14.35,14.2,"1.04K","0,21%"
"06/04/2014",14.32,14.33,14.34,14.2,"2.18K","0,77%"
"06/03/2014",14.21,14.34,14.8,14.21,"5.56K","-0,63%"
"06/02/2014",14.3,14,14.66,14,"4.84K","2,22%"
"05/30/2014",13.99,13.71,13.99,13.71,"0.28K","-0,36%"
"05/29/2014",14.04,13.66,14.04,13.66,"0.43K","0,36%"
"05/28/2014",13.99,14,14.6,13.99,"4.49K","-0,14%"
"05/27/2014",14.01,13.8,14.01,13.8,"1.11K","0,07%"
"05/26/2014",14,14.4,14.4,14,"2.99K","-3,18%"
"05/23/2014",14.46,13.79,14.47,13.79,"3.70K","4,86%"
"05/22/2014",13.79,13.79,13.79,13.79,"0.07K","0,00%"
"05/21/2014",13.79,13.34,13.79,13.34,"0.54K","0,00%"
"05/20/2014",13.79,13.79,13.79,13.79,"0.08K","0,22%"
"05/19/2014",13.76,13.31,13.76,13.31,"1.81K","1,93%"
"05/16/2014",13.5,13.45,13.78,13.41,"0.81K","-2,32%"
"05/15/2014",13.82,13.8,13.82,13.8,"1.53K","-1,85%"
"05/14/2014",14.08,14.1,14.1,13.77,"2.46K","-2,09%"
"05/13/2014",14.38,14.15,14.38,13.85,"1.33K","-0,69%"
"05/12/2014",14.48,14,14.48,13.7,"10.52K","3,80%"
"05/09/2014",13.95,12.9,14.85,12.89,"26.97K","9,41%"
"05/08/2014",12.75,12.73,12.75,12.73,"0.80K","0,31%"
"05/07/2014",12.71,12.56,12.71,12.56,"1.57K","-1,09%"
"05/06/2014",12.85,11.97,12.9,11.97,"10.96K","7,08%"
"05/05/2014",12,11.4,12,11.4,"17.16K","6,38%"
"05/02/2014",11.28,11.4,11.4,11.27,"7.09K","-1,05%"
"04/30/2014",11.4,11.22,11.4,11.22,"0.12K","0,00%"
"04/29/2014",11.4,11.4,11.4,11.4,"0.40K","0,26%"
"04/25/2014",11.37,11.39,11.4,11.37,"0.83K","0,00%"
"04/24/2014",11.37,11.4,11.4,11.37,"1.10K","-0,26%"
"04/22/2014",11.4,11.4,11.4,11.4,"3.13K","0,88%"
"04/17/2014",11.3,11,11.3,11,"2.43K","-0,79%"
"04/16/2014",11.39,11.4,11.4,11.39,"2.41K","0,80%"
"04/15/2014",11.3,11.13,11.3,11.13,"3.56K","0,44%"
"04/14/2014",11.25,11.25,11.25,11.25,"0.09K","0,45%"
"04/11/2014",11.2,11,11.2,11,"5.00K","-0,88%"
"04/10/2014",11.3,11.29,11.3,11.29,"0.44K","0,36%"
"04/09/2014",11.26,11,11.26,11,"1.14K","-1,23%"
"04/07/2014",11.4,11.29,11.4,11.2,"3.43K","0,97%"
"04/04/2014",11.29,11.39,11.39,11.29,"1.23K","-0,53%"
"04/02/2014",11.35,11.35,11.4,11.35,"2.59K","-0,44%"
"04/01/2014",11.4,11,11.4,11,"21.55K","3,64%"
"03/31/2014",11,11.08,11.2,11,"5.88K","-0,45%"
"03/28/2014",11.05,10.85,11.2,10.85,"7.95K","1,56%"
"03/25/2014",10.88,10.66,10.88,10.65,"2.07K","0,00%"
"03/24/2014",10.88,10.71,10.88,10.7,"1.36K","1,59%"
"03/21/2014",10.71,10.71,10.71,10.71,"0.14K","-0,28%"
"03/20/2014",10.74,10.74,10.74,10.74,"0.44K","-1,38%"
"03/19/2014",10.89,10.89,10.89,10.89,"0.32K","0,00%"
"03/18/2014",10.89,10.88,10.89,10.88,"0.53K","0,83%"
"03/17/2014",10.8,10.99,11,10.8,"3.94K","-0,64%"
"03/14/2014",10.87,10.87,10.87,10.87,"0.72K","-1,00%"
"03/13/2014",10.98,11,11,10.98,"0.50K","-1,35%"
"03/12/2014",11.13,11.13,11.13,11.13,"0.10K","-1,33%"
"03/11/2014",11.28,11.29,11.29,11.28,"0.93K","-1,05%"
"03/10/2014",11.4,11,11.4,11,"3.54K","1,97%"
"03/07/2014",11.18,11.15,11.36,10.98,"10.05K","-2,19%"
"03/06/2014",11.43,11.45,11.66,11.32,"5.27K","-0,44%"
"03/05/2014",11.48,10.55,11.49,10.54,"11.29K","8,20%"
"03/04/2014",10.61,10.99,10.99,10.61,"2.01K","-0,93%"
"03/03/2014",10.71,11.28,11.28,10.71,"3.29K","-4,20%"
"02/28/2014",11.18,10.85,11.18,10.85,"2.11K","3,14%"
"02/27/2014",10.84,10.84,10.84,10.84,"0.15K","3,24%"
"02/26/2014",10.5,10.61,10.61,10.5,"0.41K","-4,37%"
"02/25/2014",10.98,10.18,10.98,10.18,"16.69K","9,80%"
"02/24/2014",10,10,10.01,10,"0.62K","-1,77%"
"02/21/2014",10.18,10.18,10.18,10.18,"1.10K","-0,20%"
"02/19/2014",10.2,10.35,10.38,10.2,"0.60K","-0,39%"
"02/18/2014",10.24,10.24,10.24,10.24,"1.50K","-1,35%"
"02/17/2014",10.38,10.38,10.38,10.38,"0.02K","1,37%"
"02/14/2014",10.24,10.02,10.24,10.01,"1.14K","-1,44%"
"02/12/2014",10.39,10.39,10.39,10.3,"0.20K","0,00%"
"02/11/2014",10.39,10.39,10.39,10.39,"0.19K","-0,10%"
"02/10/2014",10.4,10.4,10.4,10.4,"0.05K","0,00%"
"02/07/2014",10.4,10.4,10.4,10.4,"0.29K","0,00%"
"02/06/2014",10.4,10.4,10.45,10.34,"5.32K","-0,95%"
"02/05/2014",10.5,9.63,10.5,9.63,"5.77K","10,53%"
"02/04/2014",9.5,9.6,9.6,9.5,"1.44K","-2,06%"
"02/03/2014",9.7,9.38,9.84,9.38,"2.34K","0,73%"
"01/31/2014",9.63,9.6,9.63,9.6,"0.50K","0,84%"
"01/30/2014",9.55,10,10.6,9.55,"20.92K","-4,50%"
"01/29/2014",10,10.6,11.01,9.66,"15.73K","-5,66%"
"01/28/2014",10.6,10.9,10.9,10.51,"6.20K","-7,83%"
"01/27/2014",11.5,11.09,11.5,10.23,"3.88K","1,77%"
"01/24/2014",11.3,11.47,11.5,11.3,"3.22K","-0,09%"
"01/23/2014",11.31,11.4,11.4,11.31,"0.25K","-0,88%"
"01/22/2014",11.41,11.54,11.6,11.41,"6.89K","-1,21%"
"01/21/2014",11.55,11.5,11.55,11.5,"1.28K","0,09%"
"01/20/2014",11.54,11.69,11.69,11.51,"3.54K","-0,43%"
"01/17/2014",11.59,11.59,11.59,11.59,"1.00K","1,76%"
"01/16/2014",11.39,11.6,11.65,11.39,"1.05K","-1,39%"
"01/15/2014",11.55,11.39,11.65,11.39,"1.24K","-0,60%"
"01/14/2014",11.62,11.55,11.62,11.38,"0.88K","0,17%"
"01/13/2014",11.6,11.6,11.6,11.6,"2.10K","1,05%"
"01/10/2014",11.48,11.44,11.68,11.38,"5.77K","-1,03%"
"01/09/2014",11.6,11.65,11.89,11.6,"5.41K","-1,28%"
"01/08/2014",11.75,11.79,11.79,11.6,"1.94K","2,09%"
"01/07/2014",11.51,11.6,11.7,11.34,"3.22K","0,00%"
"01/06/2014",11.51,11.1,11.68,11.1,"7.30K","4,45%"
"01/03/2014",11.02,10.65,11.02,10.65,"3.70K","4,75%"
"01/02/2014",10.52,10.54,10.62,10.52,"2.40K","-0,19%"
"12/30/2013",10.54,10.54,10.55,10.37,"3.25K","-0,66%"
"12/27/2013",10.61,10.79,10.8,10.47,"4.47K","-3,11%"
"12/23/2013",10.95,10.95,10.95,10.8,"1.41K","1,20%"
"12/20/2013",10.82,11.16,11.16,10.73,"7.50K","-2,70%"
"12/19/2013",11.12,11.06,11.12,11.06,"0.11K","1,92%"
"12/18/2013",10.91,10.62,10.91,10.6,"5.72K","1,30%"
"12/17/2013",10.77,10.89,10.89,10.45,"2.55K","0,00%"
"12/16/2013",10.77,10.8,10.8,10.77,"1.25K","-1,10%"
